042 043 042 040 067 029 044 043 035 044 029 032 033 034 055 028 029 034 038 040 038 041 030 045 043 039 026 036 040 048 061 060 073 067 073 064 064 065 059 058 059 070 062 058 065 046 099 054 060 042 092 047 075 134 132 140 139 123 187 166 154 129 123 140 133 180 127 132 135 172 141 141 137 131 162 141 151 136 136 129 151 156 152 143 136 194 122 145 163 151 159 133 145 145 139 148 135 138 154 139 137 105 078 084 083 089 091 096 088 082 080 098 085 080 073 081 064 090 088 078 079 064 073 078 059 090 067 087 077 073 055 056 084 082 066 080 066 056 088 065 080 093 081 079 078 084 117 182 217 200
040 039 042 038 055 044 041 032 032 052 031 044 036 037 045 083 031 026 047 032 037 041 037 038 039 041 030 031 044 054 064 061 066 056 070 060 057 057 058 060 056 052 057 075 059 048 150 062 084 107 089 058 090 119 142 137 159 119 191 129 145 134 136 131 117 169 136 130 121 153 222 158 130 143 125 139 153 136 167 138 123 174 129 144 178 135 121 144 131 153 156 129 129 155 154 132 137 131 138 135 130 103 083 073 080 076 085 084 097 075 086 101 080 061 070 081 077 082 075 080 079 095 084 061 080 077 086 067 061 088 061 105 077 064 085 077 070 057 081 089 056 099 092 076 066 084 132 176 200 207
041 037 032 033 051 057 030 041 028 038 041 041 037 027 024 106 029 040 037 033 041 035 041 038 041 041 034 034 031 049 060 055 065 061 063 056 063 065 063 065 057 067 060 072 056 051 097 068 062 101 059 048 076 126 132 208 194 165 115 172 166 137 143 140 114 163 190 131 139 120 165 145 145 136 134 131 134 133 162 171 155 108 193 136 127 181 149 116 141 141 132 171 130 121 156 152 139 131 140 149 141 116 101 101 083 068 070 082 070 075 093 091 106 065 068 083 078 071 068 075 100 092 072 081 085 091 083 081 109 055 101 088 053 074 089 069 076 073 065 083 069 091 100 086 069 071 128 173 193 204
042 035 031 037 040 054 024 045 026 080 066 088 036 041 015 085 071 023 048 041 043 035 033 045 039 039 029 030 039 054 058 060 065 054 069 053 055 057 065 074 040 053 094 065 051 052 050 089 069 102 143 086 064 187 146 166 178 151 134 116 184 174 192 150 149 141 148 138 133 141 136 144 142 131 139 143 166 137 134 154 143 145 131 152 173 138 142 134 132 135 149 122 148 132 131 149 145 145 130 139 121 097 070 064 072 078 067 065 074 069 070 072 079 091 072 070 081 077 064 083 077 077 077 082 095 072 095 084 066 087 115 058 078 068 084 063 076 072 071 073 082 078 083 099 081 063 125 181 202 207
040 043 031 032 043 064 034 042 034 076 086 045 035 041 027 040 087 037 034 034 041 039 046 046 046 038 044 042 040 050 065 057 058 061 061 068 051 058 051 076 076 063 083 063 055 050 042 127 119 091 071 073 078 160 123 131 182 200 122 133 144 140 198 162 141 137 136 140 135 129 140 140 141 127 132 123 193 127 167 129 134 133 129 138 146 138 131 139 134 130 149 149 138 136 140 150 145 145 141 126 139 104 107 086 085 077 074 070 077 070 084 077 079 082 078 082 073 074 071 074 073 073 081 076 059 097 100 080 104 097 072 071 056 099 058 069 083 078 060 059 076 065 072 104 075 076 121 186 217 208
039 035 032 035 035 057 054 039 040 018 070 051 024 040 028 032 037 035 035 045 031 034 041 038 044 044 039 040 032 050 066 066 056 088 068 060 057 059 077 054 115 087 070 056 063 064 038 101 135 067 069 074 088 123 171 133 133 198 119 157 132 127 163 141 130 140 144 148 130 121 133 141 141 149 150 141 122 132 188 146 143 141 140 133 141 141 134 152 135 124 126 146 151 140 126 130 134 127 140 136 130 108 089 075 073 072 072 080 069 074 078 069 088 072 075 079 076 074 073 077 068 074 073 092 072 090 075 086 093 063 071 067 081 068 073 076 061 077 068 051 082 081 105 084 078 075 123 178 216 200
031 040 037 033 032 034 042 044 034 024 041 035 030 043 046 027 042 041 032 038 050 040 039 048 051 038 038 053 042 055 067 046 075 086 066 084 059 050 093 105 097 081 046 114 074 080 066 063 124 032 115 062 074 124 194 125 123 193 113 165 141 132 135 123 131 144 139 151 142 131 135 151 148 146 144 134 146 121 133 142 138 137 142 140 135 133 131 144 140 142 159 131 128 128 135 146 151 132 136 131 127 104 077 072 073 076 074 074 062 066 068 069 076 082 083 069 076 071 067 076 075 076 076 079 080 092 090 081 089 061 067 070 102 060 080 098 081 055 079 062 063 061 087 072 092 066 137 173 206 205
034 044 033 030 047 043 041 040 038 031 040 056 039 050 075 035 040 037 034 047 039 048 051 042 076 047 045 038 042 043 089 082 050 059 052 074 060 056 060 155 071 058 033 089 058 092 062 059 078 059 065 085 077 158 142 135 148 161 179 127 130 139 121 141 131 136 141 140 140 128 137 140 153 139 159 137 128 142 139 140 137 138 133 142 129 139 141 135 140 131 163 125 129 139 134 133 129 146 137 136 129 095 076 063 065 066 066 074 066 065 065 081 078 082 072 070 080 070 076 087 080 066 067 078 077 083 078 091 074 057 088 085 091 063 090 078 086 067 071 074 058 075 077 086 075 085 130 187 211 218
035 033 037 034 046 042 043 032 036 035 031 041 032 030 085 030 040 041 032 034 035 069 098 046 044 035 042 040 061 039 065 055 113 057 063 056 057 085 104 086 077 056 048 079 044 102 118 048 071 076 046 094 097 132 140 133 133 120 199 128 141 138 135 143 134 130 133 140 148 138 126 134 139 153 141 141 136 137 128 139 143 138 132 134 140 133 133 142 133 136 131 132 140 135 131 139 136 138 138 138 124 107 096 094 068 067 065 063 061 062 063 062 079 080 066 072 081 071 076 069 071 075 067 065 084 093 077 066 063 084 116 056 066 076 104 063 072 069 073 099 054 067 066 076 087 077 140 182 214 211
035 029 030 029 036 036 043 030 045 037 034 035 045 029 076 036 036 041 047 041 044 040 084 043 058 058 038 046 050 054 079 064 066 066 066 066 057 073 065 069 074 070 053 091 065 069 158 077 055 064 054 084 111 135 128 134 120 132 149 141 132 132 136 140 139 138 133 129 141 148 142 136 134 140 143 135 131 129 130 131 141 133 132 140 135 147 143 128 138 139 138 136 140 137 134 135 134 134 141 139 141 089 067 066 078 086 076 065 073 075 069 073 068 082 077 080 082 085 076 074 075 071 064 066 073 087 064 058 076 082 063 067 056 099 070 090 055 078 079 059 078 064 072 073 088 089 138 182 209 207
035 025 024 026 033 028 038 035 040 043 033 037 033 030 036 042 030 038 043 047 056 035 054 030 051 063 037 028 056 058 061 057 103 083 076 066 099 061 085 043 073 056 112 051 073 040 110 062 058 062 078 036 106 137 135 133 182 107 135 158 122 139 134 135 138 137 134 129 135 139 143 139 138 135 145 139 134 133 138 130 130 139 137 139 133 125 150 136 137 137 137 132 133 133 134 129 136 139 134 142 123 097 070 065 075 070 068 073 065 065 065 066 074 074 082 072 080 081 075 066 075 079 074 074 069 080 069 064 068 082 070 073 100 061 075 061 070 072 076 070 073 067 073 071 074 081 131 164 188 183
034 028 040 035 026 031 040 032 041 038 028 036 044 053 042 044 032 036 034 046 036 034 036 046 048 082 067 051 031 051 045 087 074 071 043 117 065 075 114 094 068 076 122 070 063 057 037 090 068 055 102 087 141 139 133 130 146 136 130 167 178 118 134 140 140 141 139 142 135 132 139 142 144 139 139 150 139 138 141 136 142 140 140 142 138 142 139 132 138 139 135 131 129 135 137 135 125 141 138 136 128 095 068 071 055 064 067 067 061 067 070 071 066 074 075 068 071 075 068 080 064 077 077 073 068 069 085 071 074 057 078 088 058 062 076 075 074 071 072 071 066 069 067 071 068 077 138 150 186 184
034 037 031 033 022 040 041 077 029 032 034 039 036 044 049 035 039 035 049 068 045 033 036 044 039 066 076 036 042 057 060 064 071 051 057 055 087 062 062 113 052 135 057 069 056 061 051 115 087 052 071 157 115 141 141 131 128 129 134 126 159 127 130 139 139 143 141 146 135 137 139 137 139 144 136 149 136 133 137 138 135 133 134 131 128 142 146 142 138 142 134 133 132 138 137 142 134 135 144 136 133 076 061 071 080 084 084 081 070 069 070 072 072 076 079 077 069 071 070 075 066 074 079 075 079 076 096 078 063 066 080 068 063 077 065 095 061 070 073 075 077 070 066 068 075 075 141 220 194 196
039 033 033 034 043 027 024 075 035 038 034 036 031 057 039 029 029 041 028 060 048 038 029 048 079 042 054 047 030 082 075 051 057 073 042 084 074 113 046 073 057 045 126 061 070 052 067 065 123 050 049 047 157 141 143 135 135 138 134 141 126 135 134 138 134 137 136 139 131 135 136 133 132 141 132 137 135 132 138 136 137 143 132 135 144 132 141 132 135 140 133 135 134 137 134 142 136 131 143 146 132 089 069 063 068 064 063 072 077 066 062 076 064 072 070 061 072 068 067 068 070 069 073 075 077 075 077 071 069 068 071 078 062 073 079 075 072 079 086 069 075 084 061 076 067 091 134 128 145 135
036 032 024 036 026 037 033 055 042 036 033 029 036 060 045 036 038 039 039 052 044 031 042 036 046 067 062 055 040 056 109 072 098 054 065 057 077 070 080 080 067 091 043 123 066 080 062 064 075 077 045 067 102 148 138 128 127 133 136 136 139 129 138 140 133 132 136 136 134 133 134 136 131 134 129 128 133 135 134 133 138 138 133 134 134 136 125 141 135 137 139 137 138 138 139 140 135 136 141 133 128 091 074 067 071 062 068 070 071 065 064 057 073 082 075 070 064 071 069 070 072 069 071 078 077 077 076 081 087 087 081 097 099 080 094 092 090 109 119 112 109 111 119 079 066 087 127 125 115 134
036 043 028 022 045 049 049 058 053 042 029 039 027 036 053 026 028 050 030 047 042 061 039 043 038 076 048 068 053 044 082 070 060 064 064 064 048 067 043 093 069 061 062 095 083 138 048 061 102 055 062 050 108 139 141 132 127 138 142 133 128 139 131 140 133 130 139 132 138 135 135 133 137 134 135 135 133 135 127 133 139 135 143 135 133 136 136 137 136 135 142 139 139 139 146 139 136 131 147 152 125 077 065 064 068 068 066 063 078 069 064 066 078 076 070 059 067 071 067 067 066 071 068 077 086 087 099 102 111 111 114 117 112 118 096 110 115 129 135 138 144 151 149 128 080 100 135 128 131 117
047 047 033 025 049 055 038 045 040 033 042 045 046 050 049 046 027 073 059 035 035 060 048 039 054 042 047 043 069 067 062 051 062 071 072 067 091 065 063 069 065 080 057 075 091 093 067 054 066 069 067 052 092 134 137 128 130 143 150 141 134 131 127 135 142 139 138 142 144 135 137 134 138 137 137 138 141 140 135 138 144 139 138 138 138 136 136 134 138 132 141 136 128 138 126 135 132 139 099 097 079 109 072 069 066 062 069 068 066 068 056 070 072 091 062 069 070 074 068 062 060 063 065 065 073 084 084 086 099 099 107 105 098 089 109 097 094 099 104 104 109 108 110 114 115 102 120 097 090 092
040 044 035 024 031 038 032 058 042 042 038 054 040 046 050 041 033 043 106 044 044 037 055 066 062 053 034 059 056 041 068 049 112 062 062 092 074 062 062 060 070 082 061 066 092 060 078 050 058 070 076 055 096 135 140 125 134 144 148 147 128 131 135 138 134 135 138 136 137 137 143 142 127 133 139 139 141 138 136 143 139 136 135 137 138 138 138 136 130 140 132 140 141 129 144 136 116 095 143 148 162 161 161 132 059 061 065 070 061 067 061 066 068 081 079 062 065 071 071 062 064 061 059 063 070 090 070 089 076 094 096 079 088 089 081 085 082 086 085 085 086 112 092 085 078 093 136 119 110 114
041 032 033 030 031 029 037 046 049 053 035 041 048 029 033 064 047 031 080 049 036 044 029 064 038 053 027 090 058 052 058 089 078 064 061 077 078 069 063 057 063 074 058 051 062 071 072 051 067 062 060 051 098 135 139 129 132 143 145 146 131 126 138 140 134 132 136 135 136 134 138 141 135 134 133 131 136 138 134 137 136 134 133 135 136 135 134 133 135 140 137 136 141 144 112 081 126 138 142 130 136 142 156 149 055 056 060 069 060 062 069 067 064 069 074 069 065 072 067 066 065 063 056 060 079 076 087 071 120 115 114 119 105 106 085 097 105 101 105 108 105 091 111 093 088 095 131 137 122 088
036 032 040 033 028 029 044 038 040 046 040 024 037 047 039 038 038 045 050 054 039 059 042 050 037 044 027 043 059 059 067 082 074 067 056 068 073 069 072 065 057 069 056 063 056 088 065 065 055 062 068 060 101 141 142 133 133 140 145 140 140 126 134 142 137 135 136 138 139 135 136 132 128 130 132 132 136 137 132 133 134 132 131 131 132 134 136 138 139 133 141 135 142 102 111 159 111 119 120 147 136 123 138 122 061 055 062 068 069 060 073 074 064 069 060 075 065 070 065 069 061 066 062 072 064 085 100 102 090 105 103 090 103 104 091 094 101 088 103 104 102 093 108 110 099 108 129 118 123 122
033 036 031 035 031 037 036 038 043 034 041 041 034 058 044 029 082 041 043 051 043 055 046 044 046 039 059 043 050 057 063 030 057 083 082 068 073 068 068 080 067 064 066 061 063 077 068 066 060 060 068 059 107 141 145 138 136 136 143 138 142 130 132 143 132 139 137 135 138 139 145 132 132 133 132 131 136 137 132 134 131 131 133 136 135 134 133 134 139 135 147 127 077 116 148 093 103 127 144 150 144 130 141 102 065 057 065 064 069 060 065 070 066 077 064 064 063 064 069 065 067 058 063 060 070 086 089 103 098 092 094 105 092 103 100 098 107 099 104 095 106 099 094 118 101 098 122 116 101 105
032 028 042 035 018 037 042 047 035 039 038 034 032 050 045 033 031 055 052 039 042 051 052 050 040 029 064 065 050 052 069 110 149 143 133 112 139 144 107 081 073 072 083 077 067 064 072 063 059 055 072 066 117 130 139 136 138 131 137 141 133 134 132 141 133 137 136 133 134 134 142 139 145 140 135 132 135 136 134 138 134 132 131 131 131 131 131 132 143 125 095 083 131 123 105 116 115 143 156 155 129 123 133 084 062 060 067 066 067 067 062 066 067 076 067 060 066 072 067 059 057 061 063 073 077 085 094 097 104 091 103 103 092 106 111 099 100 102 101 100 093 109 083 117 099 095 102 087 094 095
033 046 027 061 080 035 044 052 038 035 033 032 040 044 049 032 039 047 063 058 041 035 039 049 046 043 030 043 054 075 144 118 133 123 126 125 112 111 102 110 099 096 064 072 065 059 070 059 071 061 068 059 115 139 143 133 135 134 135 140 129 133 136 140 141 133 137 136 136 132 133 139 135 139 142 141 141 138 137 146 134 134 135 137 134 125 115 107 093 061 079 136 096 102 107 113 124 148 160 160 143 136 127 070 055 052 061 064 060 063 058 060 067 067 064 066 069 078 064 061 064 061 059 070 071 088 095 088 100 098 096 099 093 107 112 101 097 105 093 097 093 102 103 093 096 086 106 085 065 060
036 043 033 052 063 044 042 046 031 037 027 034 035 040 039 041 027 048 064 050 038 060 048 041 037 042 042 047 051 119 125 127 137 133 141 133 122 114 126 098 098 118 109 075 069 067 053 059 068 058 067 074 119 138 135 133 131 140 138 133 134 129 134 140 142 129 140 137 139 141 132 137 141 137 138 139 144 141 137 143 139 127 113 101 090 078 068 062 034 098 140 102 104 100 098 128 141 151 173 161 147 146 113 070 063 052 065 070 065 060 064 064 068 066 065 069 064 073 070 064 054 062 060 071 078 082 094 101 096 098 092 091 100 095 117 096 101 099 086 105 095 102 096 099 094 090 083 091 059 057
043 040 043 036 033 036 044 049 038 042 034 028 040 038 051 045 032 037 050 058 044 049 055 049 036 042 038 048 078 126 111 130 145 146 147 141 139 119 120 119 118 088 114 115 087 060 056 056 066 067 065 063 116 134 130 129 129 137 127 135 134 127 135 139 116 113 128 129 122 138 135 128 135 125 132 124 126 121 113 130 110 095 083 076 060 059 048 026 106 144 097 091 094 087 122 134 153 153 164 157 139 142 089 069 060 059 061 061 062 059 065 068 065 067 063 059 059 067 071 058 069 060 061 058 076 077 093 098 097 099 093 092 099 102 103 101 098 105 094 100 100 100 103 096 093 105 094 089 075 058
039 049 047 029 043 031 039 040 040 036 031 029 029 035 040 037 023 037 058 076 053 038 036 050 034 043 046 040 103 127 132 144 138 145 145 144 139 151 138 127 103 111 080 096 109 085 054 064 075 072 073 058 109 137 129 123 129 129 115 099 102 095 086 090 076 065 069 060 081 091 089 081 083 080 087 088 102 081 108 101 086 078 065 063 056 045 042 113 129 100 089 108 113 109 105 128 148 160 174 166 139 133 074 065 057 053 063 068 063 060 066 062 061 069 061 057 063 066 068 069 058 062 061 070 073 072 089 093 096 098 096 096 098 103 098 098 102 099 096 095 099 104 102 105 086 118 109 090 068 057
036 047 043 033 028 031 036 041 041 039 038 026 032 038 047 043 032 038 040 054 046 041 036 050 051 037 034 047 098 126 145 139 139 146 145 148 142 127 121 137 130 114 109 097 104 115 098 072 071 075 074 077 104 121 111 107 097 079 065 056 054 049 039 049 040 034 041 041 037 032 043 046 052 040 056 069 087 088 093 078 068 065 046 043 044 046 118 128 092 104 122 115 093 096 111 124 148 176 178 165 139 122 060 067 055 057 062 067 068 062 060 063 062 069 063 060 066 067 066 067 062 069 060 068 075 073 080 094 091 097 098 099 097 099 095 095 103 101 090 094 101 098 105 105 095 143 100 097 082 075
043 045 042 030 034 043 033 047 043 047 048 038 036 042 068 042 031 039 043 049 051 053 048 046 040 030 033 030 118 119 141 151 139 139 146 138 128 143 127 127 125 107 099 105 093 105 137 090 074 075 073 077 063 063 051 048 043 038 037 038 040 041 039 038 036 034 031 034 031 024 029 039 038 039 054 083 080 082 097 075 049 051 050 053 039 113 112 095 103 109 096 092 115 107 144 138 153 181 182 155 137 098 060 066 058 061 062 063 068 063 058 067 068 067 067 066 067 072 070 058 062 054 060 067 075 078 078 088 088 099 099 103 096 095 096 098 104 096 095 091 099 099 099 108 092 157 084 095 077 072
035 032 037 036 036 038 029 044 058 077 047 037 037 040 051 044 039 041 048 044 042 039 042 036 039 028 030 041 113 132 140 146 136 137 146 160 170 138 124 128 087 123 121 128 123 101 107 154 071 066 079 064 042 030 034 031 033 036 040 034 045 040 034 032 026 032 046 039 033 030 043 047 038 052 081 086 078 082 065 079 044 049 042 025 135 098 090 097 101 121 094 112 091 125 165 160 161 170 187 151 130 067 070 053 062 058 063 065 061 062 060 061 066 063 064 062 064 071 068 058 065 074 074 059 067 079 077 094 089 101 100 104 097 092 101 100 103 097 098 093 100 097 099 111 081 167 091 080 078 074
039 032 041 051 050 045 053 058 101 118 075 071 065 044 049 040 038 036 045 043 048 047 051 036 033 026 022 038 118 145 150 147 146 135 138 153 141 128 126 145 124 121 105 119 107 114 104 099 125 045 095 073 087 040 025 030 032 029 032 033 034 045 031 037 035 037 049 038 047 049 025 042 048 056 090 078 088 056 089 059 052 049 025 138 104 087 124 110 105 097 110 119 129 124 149 145 164 167 170 144 114 058 068 050 058 058 063 063 060 062 055 055 067 067 061 057 064 066 062 067 061 050 046 064 073 086 083 089 093 101 101 104 098 093 103 100 099 105 095 097 101 094 103 108 093 155 090 069 069 080
047 039 039 036 074 059 071 074 090 099 095 080 084 081 051 050 041 042 049 042 041 042 048 035 033 035 026 047 120 137 159 150 142 153 146 144 160 137 134 109 092 126 117 120 108 114 090 093 108 131 032 067 074 086 051 045 032 039 045 040 027 048 038 032 032 036 032 059 055 040 053 052 044 070 074 080 062 080 076 071 051 030 099 135 089 106 104 100 076 093 072 108 120 105 150 191 166 169 149 135 103 067 062 056 054 061 063 060 059 064 053 054 071 069 063 059 065 067 061 067 052 060 056 054 061 083 086 094 098 098 102 102 103 099 105 100 097 101 100 096 100 100 096 108 095 139 118 105 086 090
040 036 041 039 061 061 070 082 100 120 099 102 085 100 097 057 038 039 043 040 039 038 044 040 034 037 026 065 131 139 176 154 138 143 143 139 153 127 144 126 133 109 124 124 130 111 100 086 091 136 108 044 067 099 066 044 040 051 054 034 035 032 040 035 039 034 068 077 060 041 055 058 045 078 086 062 092 077 076 053 046 071 149 087 100 109 087 127 124 085 095 092 111 140 159 168 168 165 148 133 100 068 061 058 057 058 064 061 053 066 061 054 064 059 059 057 059 065 060 052 068 052 061 057 068 080 081 093 101 094 106 101 108 109 106 102 088 104 095 101 104 101 103 105 092 161 144 107 112 105
039 040 038 059 066 075 082 074 111 124 086 092 091 115 123 122 051 040 043 052 035 040 043 042 039 031 011 065 127 145 184 169 150 146 143 142 148 140 118 124 117 113 132 097 089 120 118 098 101 094 168 066 070 085 074 072 057 055 066 045 026 064 051 044 031 039 050 054 055 059 065 096 070 079 064 073 101 073 049 040 046 105 088 092 096 101 090 102 100 105 107 137 100 126 140 162 189 171 142 124 096 059 061 058 056 063 068 059 063 060 061 062 064 060 060 063 061 061 062 060 061 055 060 063 059 071 085 088 096 104 102 085 096 097 093 093 091 099 098 101 092 093 089 091 079 136 095 109 113 108
038 042 049 070 086 081 077 072 107 103 079 100 113 157 222 209 065 049 042 052 041 041 044 037 034 025 022 055 125 139 178 185 163 141 147 142 151 182 129 117 125 136 097 097 109 116 102 109 098 092 110 146 044 055 053 068 081 051 049 065 052 041 042 052 039 060 043 049 052 071 052 048 064 050 072 055 070 063 063 064 102 138 092 091 082 083 128 098 093 088 112 120 140 121 178 179 187 162 143 126 084 061 062 053 059 064 067 069 058 064 065 064 060 059 061 063 060 060 063 061 058 055 057 063 061 068 078 084 083 086 089 082 078 083 089 080 073 077 091 086 089 084 079 085 069 134 090 088 088 081
055 062 082 107 106 105 104 111 100 093 115 122 146 210 127 109 062 048 040 044 036 036 040 031 034 021 027 044 121 146 163 173 174 155 146 148 171 166 128 151 100 089 097 105 136 076 117 107 106 089 093 134 114 038 082 067 086 090 076 042 058 050 095 081 064 065 051 057 081 070 060 094 048 075 054 072 059 058 066 059 090 099 072 079 106 107 085 099 122 107 111 124 134 155 182 178 177 148 129 082 072 065 061 055 058 063 065 063 061 060 062 064 061 058 059 061 060 063 064 063 059 057 056 061 059 057 057 065 058 061 061 061 054 054 063 058 064 061 065 067 069 066 059 072 053 141 094 087 094 090
071 080 099 098 109 105 119 136 117 107 103 105 082 068 073 079 047 041 042 037 037 045 048 038 033 019 036 030 105 146 163 163 178 161 145 156 173 179 166 115 087 116 081 109 138 115 118 101 093 094 096 090 126 111 065 076 091 072 072 096 062 048 096 141 072 061 083 055 059 110 093 147 076 084 068 057 054 061 065 065 117 114 072 075 073 087 108 102 054 105 133 098 145 173 167 174 172 142 120 068 056 066 061 056 058 060 060 059 061 059 057 061 065 059 056 057 059 064 065 063 058 057 057 066 060 053 051 060 057 058 054 057 054 047 055 057 050 061 061 067 057 060 063 064 052 149 097 079 076 079
081 082 096 104 097 107 111 102 106 101 077 077 056 064 070 079 050 045 049 040 036 047 044 034 035 023 025 026 068 139 158 160 163 159 156 155 176 170 150 102 117 104 122 099 125 114 133 114 117 105 087 078 081 150 088 082 072 078 073 068 080 092 100 140 068 063 064 071 059 048 037 107 098 073 095 089 066 053 049 075 083 078 085 075 083 127 094 091 133 126 123 114 148 181 184 173 186 151 104 063 069 068 059 053 060 056 054 064 057 065 062 060 065 061 053 051 056 060 063 063 056 052 054 066 056 046 048 054 058 050 049 052 051 041 053 052 051 050 052 059 053 053 062 056 044 174 129 080 086 095
079 084 089 088 098 098 106 098 097 096 069 061 061 078 082 072 040 035 045 042 033 039 039 037 032 025 020 032 055 126 147 158 161 164 150 163 198 192 157 176 122 122 099 128 103 110 123 083 108 094 099 079 072 096 106 080 064 072 072 074 064 129 070 078 134 045 051 049 030 043 060 048 116 075 068 068 084 058 040 055 077 062 067 068 077 085 097 129 113 094 096 121 161 171 163 152 160 151 090 050 073 054 059 059 056 054 054 061 062 067 064 063 062 061 054 051 054 058 062 065 061 057 057 062 054 040 045 046 053 046 043 045 053 041 048 052 059 046 051 056 050 056 062 061 044 149 139 083 083 072
069 075 071 088 086 079 083 079 074 075 067 058 061 076 082 063 035 034 041 044 028 031 037 033 023 019 033 033 074 109 140 166 146 159 150 166 134 165 157 154 108 110 144 107 117 108 121 102 103 095 092 070 068 086 064 078 081 066 057 065 071 090 048 042 106 029 095 096 032 060 078 055 071 138 035 084 058 051 060 067 043 046 075 070 108 107 123 102 115 103 126 112 124 148 165 147 128 127 074 050 058 063 066 055 052 054 058 056 067 062 062 062 059 060 055 052 054 057 059 063 056 056 054 057 055 038 041 039 050 051 047 046 055 049 047 052 040 050 061 057 049 059 065 064 058 140 144 073 084 080
045 053 039 073 095 080 081 084 067 060 070 077 069 073 076 050 034 035 035 042 027 030 040 028 027 024 022 027 076 109 127 162 182 145 139 171 175 188 199 169 138 092 088 101 099 083 106 120 110 106 091 077 079 065 070 037 067 070 072 046 077 103 040 110 166 088 051 048 041 065 058 063 078 086 062 063 068 068 043 062 058 049 074 066 090 101 078 158 125 121 121 122 134 132 133 163 121 122 081 043 057 062 064 074 052 053 060 063 059 059 062 058 057 058 056 052 055 057 056 057 055 060 059 058 063 043 040 037 051 048 051 051 049 052 049 044 051 049 052 054 066 048 064 066 053 089 106 069 089 088
029 042 034 048 075 078 079 081 071 067 071 073 070 067 052 040 033 043 032 039 034 036 039 034 029 021 028 031 075 129 092 150 181 144 150 154 133 131 142 108 127 113 095 123 124 153 129 099 110 092 090 100 074 057 070 057 054 072 056 068 071 082 107 053 137 098 064 022 042 033 058 045 115 134 065 039 076 057 065 077 053 060 051 088 096 081 087 146 159 147 154 133 155 116 118 117 139 122 064 052 050 057 058 064 062 057 058 051 057 061 063 060 059 054 059 051 050 057 052 056 056 057 060 062 061 044 040 048 043 045 051 052 048 046 046 048 044 049 051 055 062 060 064 064 060 081 103 079 088 089
029 035 038 033 055 060 066 074 070 067 068 065 057 051 042 035 033 043 031 039 033 033 037 032 031 024 022 033 058 125 155 137 172 144 127 128 131 148 097 080 107 158 123 131 118 125 115 100 088 099 080 062 080 064 047 048 045 050 077 059 027 095 032 037 097 105 015 045 053 053 069 063 050 131 069 052 082 080 052 067 046 060 092 099 138 113 092 131 114 158 193 162 135 175 098 125 128 105 060 052 052 055 053 052 063 060 062 055 054 057 059 058 059 055 060 052 051 057 052 052 054 058 061 061 061 048 043 048 042 043 049 050 047 044 043 045 041 049 055 053 058 055 061 062 056 069 116 086 084 087
033 040 040 034 039 050 048 057 064 061 063 058 048 039 032 029 033 041 032 037 032 031 035 031 022 022 025 052 063 109 159 186 174 149 146 130 128 134 130 113 133 111 126 124 142 121 109 135 114 115 123 122 083 080 056 051 061 067 027 034 092 092 025 058 127 134 077 096 077 063 079 125 044 107 063 025 070 130 056 044 050 092 085 089 121 096 130 106 138 133 158 119 160 181 167 099 108 082 062 059 062 059 057 059 053 058 065 062 060 060 060 059 057 053 057 053 050 054 050 050 052 057 061 059 061 051 045 046 043 043 048 049 047 044 044 043 046 048 053 050 059 055 063 067 073 111 151 102 104 090
032 041 037 039 036 048 045 042 043 040 045 043 039 037 034 033 033 040 031 036 033 032 035 030 022 027 026 063 072 092 165 149 148 150 141 149 151 142 144 142 121 157 098 091 141 141 109 113 145 107 118 107 104 076 071 073 048 046 048 038 059 026 011 046 139 083 091 099 089 038 083 111 041 101 069 061 030 087 098 117 065 086 123 083 098 072 136 121 137 113 146 146 170 194 111 113 060 065 075 057 055 051 050 051 052 055 064 066 065 063 058 058 060 051 053 052 051 052 048 051 051 056 061 060 059 048 045 045 048 048 050 052 050 048 048 047 052 047 049 053 066 059 067 077 074 161 202 208 163 197
037 040 038 033 035 043 044 036 035 033 036 035 031 034 037 037 034 036 028 032 032 033 033 028 031 024 026 050 072 089 139 124 147 158 137 132 129 166 166 119 116 115 133 126 132 148 117 085 107 090 102 110 123 108 091 072 065 061 069 097 087 025 019 065 156 112 073 055 066 047 101 114 080 093 146 073 055 032 079 094 100 087 082 115 109 074 112 099 122 124 147 105 111 129 120 084 065 081 096 064 057 054 046 048 054 052 055 060 062 062 058 060 058 050 052 052 053 055 051 051 052 052 058 060 058 044 042 044 046 046 048 051 049 048 047 047 050 047 051 056 068 060 066 080 111 150 142 147 144 162
044 041 044 035 033 043 040 036 027 025 033 036 035 040 043 046 035 032 026 029 031 032 031 024 023 028 027 047 060 079 128 130 141 135 108 130 140 141 115 128 118 143 148 097 136 140 149 134 141 128 134 103 096 099 076 112 067 100 042 080 050 007 042 058 043 163 101 035 115 104 055 071 030 067 111 094 058 053 062 042 115 101 094 088 085 113 111 065 122 088 103 080 083 140 096 074 062 081 097 065 057 057 050 054 059 056 056 059 059 059 053 052 051 049 052 051 053 058 054 048 052 050 056 059 054 041 039 041 043 043 047 048 047 045 046 044 045 048 051 055 066 065 060 069 104 115 111 120 111 102
039 040 040 038 036 045 044 043 031 026 032 039 038 037 037 038 037 034 028 027 031 030 030 023 026 024 029 040 071 069 106 122 125 156 145 119 108 101 157 152 122 186 128 179 138 134 106 075 134 093 081 105 086 087 098 079 079 064 098 052 074 063 039 058 117 092 089 109 089 077 054 055 071 069 081 105 101 064 072 089 055 120 078 067 108 079 071 113 059 155 097 071 078 144 140 150 065 085 106 079 058 059 049 053 049 054 057 059 059 065 060 059 049 048 052 055 055 056 054 048 052 048 053 057 052 039 037 038 046 045 048 051 047 045 044 043 043 048 049 054 063 066 055 061 104 110 104 105 099 107
038 037 033 032 041 037 052 045 038 025 028 036 040 036 037 040 040 037 031 029 031 027 030 025 019 023 036 033 059 073 093 136 104 107 118 105 117 152 152 190 152 111 111 098 076 085 076 084 122 131 099 093 083 101 102 072 098 082 080 071 112 097 056 145 128 061 127 076 101 102 091 095 057 046 144 153 056 122 076 105 070 056 104 106 088 126 102 121 093 075 113 081 104 094 113 124 091 066 071 077 068 057 044 062 057 065 065 060 053 061 057 056 056 050 051 060 059 053 051 053 051 048 053 054 050 038 036 035 044 044 047 048 043 040 040 040 040 047 048 055 059 060 052 064 079 090 087 090 092 090
043 031 035 037 031 028 040 036 030 031 039 041 037 036 033 030 038 036 034 032 025 022 026 027 023 026 023 026 061 064 072 098 092 079 087 086 093 096 152 120 134 126 110 104 134 099 088 118 113 095 099 112 086 065 114 081 076 049 123 107 104 120 088 033 053 077 141 107 049 084 054 046 084 047 120 150 042 049 122 088 130 142 083 089 098 121 089 074 124 110 116 079 107 087 088 124 092 080 070 095 081 061 056 056 052 051 049 049 054 059 057 053 059 050 051 048 056 053 054 054 050 051 054 048 049 036 039 042 042 044 048 043 037 039 042 038 041 049 050 050 055 054 050 046 074 083 080 077 080 081
042 036 040 039 034 032 040 043 029 029 036 041 038 035 032 031 034 032 031 031 026 022 025 025 029 023 028 031 057 083 069 044 084 080 083 094 068 174 083 109 055 107 098 130 092 108 102 076 108 076 144 100 080 077 097 077 100 086 086 080 103 058 098 040 022 134 099 101 093 054 057 050 077 093 142 088 018 067 120 130 099 082 104 100 122 100 112 075 094 103 123 103 119 078 115 107 150 095 087 107 078 073 059 049 053 052 051 049 052 055 053 050 059 053 052 054 058 053 053 053 050 047 046 049 052 036 036 040 037 041 042 041 040 040 041 042 041 047 052 051 053 056 051 043 081 090 087 084 087 088
042 032 033 033 035 032 033 041 033 028 034 040 038 034 030 030 032 030 030 032 029 025 027 025 018 024 024 025 072 086 077 067 073 078 052 065 159 087 115 097 145 087 147 101 126 090 105 112 107 127 081 095 105 079 104 048 104 115 065 151 084 112 118 077 036 105 155 138 104 094 059 075 099 041 154 103 041 073 105 075 105 146 094 128 091 096 147 095 095 099 099 102 092 083 137 111 111 144 090 114 090 054 059 042 048 049 049 049 050 051 050 051 063 062 054 053 048 047 054 057 048 054 051 049 045 037 042 039 040 046 045 042 043 041 039 043 042 045 057 051 054 057 054 044 093 101 097 094 096 096
052 033 033 038 041 037 032 041 036 028 031 038 037 033 030 030 028 027 028 032 028 024 024 022 024 025 034 042 054 086 092 084 084 055 069 102 116 076 066 087 132 099 098 103 132 085 101 108 090 080 103 097 088 109 050 122 079 090 066 089 104 066 093 132 133 061 099 165 128 041 086 082 098 087 142 065 046 149 133 062 093 081 074 069 141 096 133 150 098 114 082 100 111 112 136 109 132 131 129 129 081 078 054 058 046 046 047 049 050 048 050 051 050 064 066 066 059 052 054 048 049 049 044 049 045 034 037 037 039 045 046 043 043 043 042 042 042 044 059 053 055 058 054 044 092 101 099 097 102 103
057 036 036 041 038 036 032 036 036 026 028 034 035 034 031 031 031 030 032 035 031 026 026 024 020 024 026 031 090 098 075 083 056 099 094 075 085 107 096 103 089 119 104 096 090 093 125 109 093 088 091 113 074 068 133 111 100 131 095 123 083 087 055 093 154 084 116 122 145 121 101 081 097 098 130 034 152 146 105 065 090 090 137 121 092 140 106 097 163 156 124 118 101 128 112 157 092 133 120 109 098 091 060 055 049 049 051 051 052 049 050 049 050 059 060 061 059 054 060 056 047 050 050 054 047 038 039 040 039 041 045 046 049 056 055 048 045 042 058 054 054 056 054 045 094 102 099 095 097 096
055 036 031 033 030 033 028 026 036 027 028 031 032 033 030 028 027 028 029 032 027 022 022 021 026 035 035 059 077 089 086 072 070 058 093 119 072 038 061 094 102 089 114 120 067 107 124 101 091 121 130 094 130 091 140 120 089 104 121 060 070 028 082 115 119 168 054 120 150 144 092 076 092 110 152 028 160 140 091 049 045 060 136 113 106 126 121 117 073 133 108 171 111 106 100 177 136 097 136 108 112 076 076 050 052 051 052 054 053 051 050 048 050 049 050 058 062 057 062 063 050 053 054 047 039 036 038 037 043 040 042 046 052 063 062 048 047 043 056 053 053 056 055 046 091 101 100 098 101 102
058 042 029 031 032 034 030 028 033 028 031 031 030 031 029 026 029 028 028 031 027 023 024 022 022 022 040 078 085 067 074 057 094 058 104 114 117 091 080 110 096 064 104 094 122 105 119 094 114 127 126 117 103 128 129 100 116 124 103 094 046 050 058 103 170 118 143 042 165 152 078 091 087 082 139 028 138 144 127 035 050 073 121 148 162 145 098 040 078 081 124 075 147 144 118 125 135 163 134 096 141 117 083 051 049 050 054 053 053 051 049 047 055 051 050 057 058 059 060 065 069 053 052 047 045 038 038 039 042 040 039 041 047 053 051 044 048 046 052 051 052 058 056 045 082 093 092 090 092 091
055 042 026 031 033 029 025 034 028 027 033 032 030 033 031 027 029 027 026 029 026 024 024 022 024 033 062 070 062 064 073 103 071 096 109 122 069 079 156 079 097 103 099 097 085 096 119 107 116 140 106 126 113 113 095 105 135 114 149 074 064 037 021 118 156 204 173 051 076 143 122 052 071 106 147 069 157 141 154 066 035 065 101 144 114 088 026 084 088 108 087 124 105 111 120 112 118 119 135 119 121 110 094 062 050 053 055 053 052 051 049 047 050 053 053 054 047 054 051 056 057 054 065 050 041 035 037 040 039 041 040 041 045 044 045 050 048 048 046 048 051 058 057 043 067 079 079 077 078 077
053 033 038 029 031 068 039 029 029 028 028 034 032 032 028 027 029 027 026 026 027 023 027 022 027 032 062 059 070 087 104 084 129 142 091 113 114 116 098 097 094 052 073 071 083 106 118 116 131 110 116 083 112 090 083 152 133 129 100 115 073 026 037 123 121 152 192 100 076 149 095 053 071 119 083 103 153 139 131 081 044 042 106 141 124 124 056 157 153 134 113 125 145 123 119 096 103 157 123 073 094 111 082 052 053 052 053 054 053 050 047 046 047 045 046 051 051 049 049 053 052 050 059 059 047 036 038 035 037 040 040 039 042 043 044 047 045 049 051 048 049 055 054 044 051 055 058 057 055 055
054 036 031 034 022 056 029 030 028 026 023 025 027 029 027 024 028 028 025 026 023 023 026 024 026 026 065 070 074 084 104 118 105 091 146 081 099 130 123 085 076 093 107 141 100 092 171 104 092 083 077 053 067 079 053 051 103 120 095 140 088 032 036 121 134 158 153 122 046 166 118 075 059 129 099 062 163 142 177 135 045 054 124 123 133 077 135 119 119 148 150 166 140 125 094 127 103 125 166 070 103 107 072 057 051 052 054 053 053 053 048 044 048 048 048 049 050 052 052 052 052 047 053 055 049 041 042 040 041 039 037 039 042 043 043 046 045 048 050 049 049 052 050 044 050 053 054 052 050 049
054 032 042 031 027 027 027 035 032 031 026 022 029 031 028 025 026 028 024 025 017 020 024 025 023 036 070 088 085 092 103 092 088 129 077 144 118 093 091 153 105 096 074 113 107 124 114 098 108 103 087 089 090 132 090 033 057 130 125 095 093 040 041 105 123 127 192 158 089 140 125 078 055 091 114 021 149 144 117 137 093 048 106 144 114 091 165 121 153 189 159 169 157 079 132 148 096 147 133 096 070 073 073 055 055 055 053 053 055 054 049 044 047 049 049 047 048 051 051 048 052 046 049 052 051 044 046 045 040 040 037 035 040 043 043 042 048 049 048 047 051 053 050 047 047 048 048 046 045 045
060 036 028 037 025 029 023 033 032 032 028 022 030 028 026 024 024 027 026 024 017 019 026 027 033 051 074 076 094 097 129 122 125 116 070 113 100 106 164 121 070 098 114 076 132 101 132 116 138 155 134 108 124 151 081 119 064 078 120 151 129 077 052 103 128 135 150 101 048 047 083 109 070 039 175 041 121 125 135 151 085 048 151 130 150 138 133 147 159 179 189 168 146 112 122 099 136 116 136 114 081 094 077 053 056 052 053 057 054 049 046 047 046 048 048 046 046 049 048 045 047 044 048 048 046 041 045 047 039 038 037 036 040 042 042 042 049 049 046 045 051 053 050 048 050 050 050 049 049 051
061 031 026 028 032 023 026 028 029 030 028 023 028 024 023 024 021 025 027 024 021 019 028 029 027 031 067 074 087 106 128 115 088 110 098 109 085 076 152 111 145 103 122 111 087 091 112 143 136 164 133 163 138 081 131 131 076 088 119 114 131 121 052 100 125 153 167 132 086 090 141 108 072 127 078 124 070 164 129 172 059 108 168 135 147 147 123 154 123 123 166 183 191 106 096 146 090 073 093 092 088 071 064 057 054 054 058 060 054 048 047 051 048 048 049 048 047 047 047 047 044 045 049 046 044 040 043 044 044 041 039 038 041 040 043 048 044 048 047 045 049 051 049 048 045 045 044 043 044 046
057 032 026 029 029 022 026 029 028 029 028 025 027 024 025 027 022 023 026 023 021 017 024 026 038 027 050 077 097 109 111 089 132 072 110 102 076 122 098 156 112 115 101 138 120 123 122 138 136 166 133 149 128 154 100 117 136 119 093 105 135 140 090 088 149 170 164 108 111 144 100 126 071 101 057 079 123 121 110 120 126 156 184 186 193 171 112 102 080 098 044 052 122 069 076 056 064 063 063 071 102 085 047 047 055 058 059 058 057 053 050 047 050 049 050 051 050 048 048 050 044 045 048 045 045 040 040 040 040 047 043 035 036 043 046 048 039 047 051 049 048 049 049 049 044 044 042 040 040 041
062 034 022 028 029 028 027 026 025 027 025 025 024 027 026 024 024 023 023 023 019 017 020 023 018 027 049 090 132 105 092 102 120 109 111 085 085 081 167 092 098 145 104 094 099 122 138 163 145 143 154 159 156 157 183 158 118 195 147 140 163 155 157 155 134 160 159 099 142 153 067 112 110 103 110 092 077 114 119 157 203 185 181 152 085 010 022 117 196 187 128 134 156 085 092 086 088 073 049 071 103 097 071 067 057 057 056 053 054 053 049 044 048 048 048 049 049 048 049 050 044 044 046 045 045 036 035 037 037 046 045 037 037 044 046 044 044 047 050 050 048 048 049 049 041 041 040 038 038 040
062 034 026 027 028 024 026 028 025 027 026 027 025 031 027 021 024 023 020 026 021 021 024 028 033 042 053 087 085 099 091 136 077 095 065 113 099 112 061 109 099 067 102 120 111 133 133 162 182 188 145 072 080 077 069 093 139 159 174 181 170 181 174 187 175 134 146 125 133 104 182 120 090 125 119 158 100 129 160 160 202 163 158 160 012 039 031 063 165 215 104 152 196 159 154 124 099 082 049 062 122 062 063 069 061 061 062 059 053 049 051 055 044 044 044 045 046 047 047 047 049 048 052 052 049 036 035 042 039 040 042 046 046 042 042 046 051 045 044 047 047 048 049 047 041 042 042 041 043 045
061 033 026 029 024 024 024 026 025 022 027 025 018 026 023 023 023 023 021 021 018 015 018 020 027 023 036 068 076 085 114 111 131 106 131 128 082 091 070 092 090 042 035 054 052 082 103 096 084 098 076 157 171 168 097 027 049 056 088 121 197 171 211 177 176 172 159 138 056 124 104 106 118 103 118 095 147 112 135 181 174 150 216 157 203 022 027 047 156 193 160 105 198 165 150 119 093 110 062 048 077 061 066 069 064 079 062 072 053 039 048 036 058 055 053 055 051 047 049 048 046 047 049 051 044 037 038 039 041 041 044 046 044 041 042 046 040 043 043 043 041 043 046 042 044 042 040 040 042 044
057 028 023 025 022 025 025 026 025 020 026 022 022 026 022 019 021 022 021 021 018 015 018 020 023 030 046 046 097 093 095 090 133 097 057 123 049 045 046 041 024 045 044 066 080 097 167 166 113 056 192 219 217 155 080 031 030 060 136 180 093 161 170 156 184 190 135 133 146 120 137 173 106 138 114 078 144 129 203 181 111 190 185 149 022 028 034 033 129 203 124 100 213 184 120 106 098 110 063 051 060 069 066 064 074 077 072 056 066 054 044 049 049 050 052 047 051 051 041 049 047 046 046 049 043 034 036 040 039 042 044 042 041 042 044 044 039 042 043 045 045 046 047 043 045 044 042 041 040 039
056 027 027 027 022 024 024 025 024 023 031 024 023 020 017 017 018 019 021 022 019 016 020 022 020 020 015 064 066 106 115 125 117 138 105 042 035 037 034 039 068 058 080 088 139 145 163 210 147 052 200 218 183 162 031 095 164 024 131 158 232 059 174 181 185 192 159 114 164 165 147 128 109 092 099 155 157 114 187 179 096 185 175 153 056 013 019 051 148 207 127 129 214 192 143 056 144 103 081 068 066 082 066 067 056 064 077 071 072 060 048 045 052 049 054 048 047 053 045 044 047 044 043 047 040 032 037 042 037 040 040 039 040 043 046 046 041 041 041 043 043 044 045 042 041 042 042 042 042 043
062 026 031 031 023 024 024 026 025 022 025 025 032 033 026 022 018 020 021 022 016 012 016 016 019 028 022 037 076 092 083 092 081 055 046 051 035 081 044 047 049 101 119 129 129 137 174 205 176 046 189 196 198 120 037 045 023 048 113 144 208 135 092 178 197 179 185 150 129 154 108 141 102 145 102 122 113 156 210 134 092 178 173 178 141 022 049 117 172 186 076 165 203 185 109 110 098 098 137 113 112 061 054 064 099 095 112 102 120 101 079 076 056 054 054 053 049 048 050 041 046 044 044 045 041 034 037 041 039 037 037 038 040 041 044 047 049 047 044 045 043 043 046 045 043 044 044 044 043 043
072 025 027 030 023 024 023 026 023 022 022 025 026 026 018 016 019 019 021 023 016 013 018 018 026 026 016 039 054 062 088 063 061 043 051 045 096 116 109 105 107 148 105 102 094 135 149 190 225 075 175 196 176 157 085 041 058 061 121 163 195 181 034 151 205 189 165 128 137 128 159 124 141 132 141 123 124 153 187 107 066 184 184 195 186 162 143 194 238 067 115 198 201 132 079 102 124 071 102 077 068 102 104 099 089 051 040 063 069 083 088 053 051 052 050 051 051 047 045 046 043 045 046 045 040 036 039 040 042 040 038 038 038 039 041 043 047 047 045 045 043 041 043 042 047 046 044 043 042 041
087 025 023 025 022 025 023 024 018 022 025 029 022 022 020 024 017 017 021 023 016 015 022 022 025 018 032 030 059 074 046 054 057 085 113 141 098 107 126 097 098 122 086 043 103 110 131 206 216 147 044 227 215 155 132 043 049 113 136 170 224 110 021 106 196 199 184 155 141 127 114 142 134 088 155 117 113 168 190 094 016 121 195 184 194 193 205 204 076 107 177 214 160 086 071 099 067 140 138 083 089 078 073 072 068 096 083 092 089 113 074 078 052 045 051 052 049 049 045 048 042 047 047 045 041 037 039 038 039 041 040 037 036 039 041 040 045 048 050 052 050 048 048 044 043 042 041 041 042 044
095 027 025 024 022 025 022 023 026 022 021 025 021 019 018 015 017 016 019 023 015 012 020 020 020 019 030 035 035 049 086 079 086 079 108 111 152 115 102 120 109 122 115 067 067 097 145 136 217 214 058 130 226 202 181 131 128 151 186 215 180 021 035 055 195 200 194 126 162 139 138 091 133 133 118 132 126 151 192 101 006 019 092 131 122 134 101 058 083 181 207 138 087 077 110 095 107 117 131 074 079 090 060 071 056 076 057 048 054 094 114 121 063 046 054 055 047 051 049 048 044 047 047 046 039 037 039 038 034 039 040 037 036 039 042 041 038 042 045 048 048 049 051 046 044 043 043 043 044 045
090 026 027 023 019 023 022 023 026 020 022 023 021 017 021 017 014 013 020 024 018 020 029 029 032 039 044 055 061 070 086 119 094 102 118 145 109 128 128 167 101 094 095 071 075 106 131 105 168 211 167 035 122 237 203 186 194 204 233 171 048 044 034 048 157 201 186 160 130 145 135 141 100 109 101 137 157 138 210 085 032 050 038 042 048 033 043 118 188 198 132 084 105 083 135 116 088 161 100 080 109 073 114 063 059 068 073 080 064 065 074 058 069 062 054 053 052 049 052 052 045 046 046 046 039 033 036 037 034 037 039 039 037 037 039 041 036 039 039 041 044 049 053 050 045 044 044 044 044 044
087 023 025 026 023 026 023 024 023 021 026 019 018 024 020 016 025 028 029 028 031 024 023 017 019 023 018 030 029 046 064 109 103 103 105 119 111 139 126 111 152 145 065 125 071 045 109 093 121 165 214 145 058 061 151 191 191 156 105 040 038 038 038 048 119 197 187 164 147 156 122 110 144 135 114 137 139 140 166 090 041 084 084 112 091 161 183 205 210 141 095 091 097 113 120 086 156 106 080 054 062 072 093 099 087 080 074 066 053 077 075 097 076 075 068 040 055 058 049 054 053 046 051 048 037 035 033 034 034 036 034 034 036 036 037 043 039 041 042 042 039 043 050 047 046 045 044 043 042 041
096 031 038 021 023 020 022 023 024 019 025 018 018 020 020 019 019 020 020 021 021 016 016 011 023 012 020 012 027 041 061 119 101 113 122 124 146 099 151 147 110 121 115 085 110 038 071 082 084 121 147 206 171 114 038 026 036 046 070 087 066 067 059 044 102 186 179 150 153 148 145 122 123 132 135 121 152 129 157 055 058 136 215 208 220 212 197 154 113 121 074 074 112 142 067 098 115 089 055 082 075 110 082 080 069 096 078 073 117 073 063 063 066 065 068 058 055 050 059 049 053 053 046 039 044 039 035 038 034 036 036 036 038 037 037 041 039 041 042 041 038 041 046 043 046 046 045 044 043 042
085 034 041 026 021 027 021 022 023 015 022 019 023 020 019 015 018 017 016 021 017 015 015 013 002 021 006 022 023 037 051 061 106 126 096 125 142 108 085 171 156 156 156 090 093 093 082 038 061 094 088 162 178 197 188 116 118 088 099 099 109 084 046 049 054 150 148 156 152 132 135 148 160 130 141 132 130 182 111 052 047 116 183 210 195 176 145 137 129 113 135 107 144 080 090 137 088 068 069 071 103 109 111 095 079 085 091 062 081 095 117 102 063 066 067 064 052 042 055 056 051 056 047 046 044 032 033 037 037 037 034 034 036 037 039 042 037 040 042 042 039 041 046 042 042 043 043 043 042 042
097 033 020 030 022 023 018 023 021 017 025 020 014 012 019 026 020 018 018 025 018 017 018 016 017 016 018 021 034 038 065 047 058 107 112 112 112 130 102 094 140 131 132 153 069 116 127 093 049 073 045 089 142 171 185 212 216 202 209 226 220 151 068 094 045 080 145 151 172 131 125 124 163 114 136 123 114 121 120 035 050 096 158 176 152 144 100 083 101 067 082 116 091 106 084 072 054 074 091 082 093 095 107 139 112 097 076 078 101 088 075 088 068 057 112 091 073 077 059 045 048 052 049 055 044 040 036 036 038 036 033 032 034 037 040 042 037 040 043 043 040 042 046 042 035 037 038 039 039 040
088 037 013 038 022 015 023 017 025 019 018 020 016 021 022 022 017 016 016 024 017 017 018 016 016 012 018 025 024 040 056 048 050 061 115 123 117 131 177 113 107 131 163 149 115 069 095 118 128 080 101 094 087 103 123 162 199 217 226 224 209 167 055 072 041 056 119 115 135 107 126 144 146 135 162 147 122 122 134 089 032 058 125 102 063 081 078 102 105 110 106 067 094 070 054 069 069 064 073 078 116 113 131 063 089 083 072 075 098 090 100 092 073 065 106 087 068 091 061 045 056 059 054 046 043 044 043 046 038 037 036 036 037 038 039 038 040 042 044 044 040 041 044 039 035 037 038 037 038 040
098 036 041 019 022 016 018 022 020 021 022 026 018 022 020 018 015 014 014 020 019 016 018 016 017 022 013 016 021 023 048 048 061 097 094 075 092 148 143 146 134 114 132 125 141 130 051 079 154 087 098 103 095 081 135 113 154 175 186 212 204 145 084 083 035 059 119 124 123 114 138 130 149 140 155 150 126 116 111 102 083 077 101 109 101 074 068 055 083 075 049 092 091 057 071 069 098 092 090 099 096 098 066 092 125 086 095 142 100 105 096 060 080 073 093 098 077 074 053 059 054 044 046 046 053 048 048 044 041 040 040 038 037 038 039 038 040 042 043 043 041 042 045 040 039 041 041 039 039 041
063 045 023 034 026 021 020 019 026 021 017 020 017 021 019 015 018 018 017 017 020 018 018 017 015 010 012 017 025 023 038 052 052 053 053 062 053 078 092 146 138 094 110 118 119 132 120 066 050 041 068 086 110 110 081 101 117 118 129 148 157 175 150 089 058 070 110 127 127 126 124 153 159 145 153 151 143 137 100 123 106 103 081 106 139 155 115 073 068 126 133 072 065 094 105 108 148 077 091 092 085 082 130 099 093 085 072 096 092 096 088 087 061 063 118 091 080 085 088 069 084 062 048 049 058 056 059 046 040 039 039 038 035 037 040 039 039 040 041 042 040 043 046 041 040 042 041 039 038 040
051 078 080 045 031 021 025 023 021 020 021 022 016 013 015 013 021 021 019 017 020 017 020 016 015 014 021 019 015 025 036 043 054 048 068 083 067 062 065 037 078 066 076 096 080 109 184 149 118 169 078 108 090 076 113 072 096 089 110 146 157 143 129 092 072 106 112 117 123 126 134 136 158 155 153 154 152 128 124 099 114 162 090 106 119 136 144 121 050 082 055 099 126 102 075 131 101 087 099 068 074 091 074 078 098 100 091 115 093 097 067 083 076 080 099 102 083 066 082 073 052 070 053 053 057 061 058 050 033 034 038 039 036 037 039 037 039 040 039 040 038 041 044 038 037 039 039 037 037 039
020 022 023 022 029 018 023 018 018 017 018 020 017 014 015 019 018 016 015 013 013 010 014 013 013 014 014 016 017 026 038 040 039 046 050 086 100 080 092 100 084 082 057 041 052 095 089 123 084 138 085 060 087 101 105 079 079 095 135 134 156 159 089 094 112 121 087 094 123 130 148 132 178 158 153 147 150 139 121 073 078 177 132 128 144 105 134 172 097 062 074 096 110 131 135 086 085 071 075 087 093 050 111 091 096 085 087 098 107 096 080 058 066 078 069 088 074 064 061 058 071 075 081 079 070 058 074 065 053 051 051 047 045 044 042 038 036 033 035 038 040 039 045 040 047 045 045 044 043 042
024 020 024 022 023 022 019 017 019 017 017 018 017 015 015 018 013 013 012 011 012 010 015 014 011 012 011 014 014 023 035 038 044 044 043 071 081 087 093 105 103 117 103 107 106 129 123 082 070 068 080 139 137 099 046 127 137 121 132 127 130 100 122 140 130 112 034 086 113 118 129 144 152 145 137 131 142 124 108 089 082 163 146 158 133 126 162 137 214 087 074 100 123 091 074 106 096 098 089 063 118 101 080 101 095 087 108 096 086 094 086 076 093 058 107 095 085 061 070 080 066 077 075 076 088 072 070 070 076 070 054 060 047 047 043 045 041 037 040 039 036 043 051 037 044 043 042 041 039 038
030 026 028 022 019 019 019 016 022 019 017 018 017 016 015 015 013 014 013 011 011 008 013 012 013 014 013 016 015 023 036 039 041 040 042 050 059 076 084 114 123 115 105 113 135 134 114 131 099 043 086 070 094 051 111 173 115 136 144 164 129 123 134 166 156 081 057 069 119 118 120 126 139 145 141 125 117 116 101 056 079 158 165 146 142 154 150 172 143 130 058 112 120 118 102 088 101 083 066 063 108 090 104 094 085 093 080 086 086 081 087 100 070 062 068 081 088 058 076 068 075 072 073 098 072 077 073 067 065 069 081 059 059 052 049 036 039 040 040 040 042 042 048 045 042 041 041 041 040 039
025 029 024 018 018 010 022 017 022 019 017 018 018 018 015 013 015 015 014 012 011 008 012 011 013 013 013 015 014 019 034 038 042 033 047 065 080 096 082 072 108 159 137 123 124 088 144 137 116 166 102 104 066 061 131 164 152 134 123 135 137 159 161 157 182 117 081 066 086 108 120 134 150 130 140 129 133 117 089 053 089 130 157 156 189 132 135 149 171 118 109 118 102 109 112 100 103 074 056 085 057 092 067 087 108 080 086 103 082 111 086 098 095 098 074 104 068 068 094 063 065 081 091 090 086 091 071 068 072 075 078 087 078 071 056 049 044 051 047 038 046 047 048 044 040 040 040 040 040 040
028 037 025 021 023 015 020 018 019 017 016 017 020 021 018 014 014 015 014 012 012 009 014 013 012 012 014 014 014 019 033 037 041 049 068 081 059 034 065 092 071 113 120 101 107 133 125 141 151 138 140 111 088 184 176 157 162 149 147 138 156 162 162 167 174 154 079 051 075 093 107 125 138 135 128 126 131 122 062 068 097 151 139 062 127 139 140 111 161 127 118 114 076 100 134 123 124 099 085 075 072 095 110 105 096 099 102 068 127 101 066 095 107 102 073 072 063 078 106 099 077 084 103 054 067 096 075 054 052 062 096 088 082 071 051 045 052 042 041 044 046 046 051 045 041 042 042 041 040 040
020 025 015 018 020 023 016 017 020 019 018 019 020 022 019 015 014 015 014 012 012 009 014 013 012 011 013 015 015 020 034 038 044 040 080 104 079 067 057 114 133 092 100 103 127 142 116 114 121 135 083 083 141 177 155 162 140 163 109 158 159 159 163 191 156 140 099 072 063 062 093 118 122 115 119 118 117 106 088 041 152 149 171 107 121 122 085 091 130 132 084 090 114 106 109 129 126 090 072 073 083 088 095 090 085 100 086 078 090 079 097 105 107 090 098 064 067 075 089 088 084 074 113 082 072 130 082 064 058 068 086 081 084 092 075 057 052 048 048 050 049 044 047 043 039 040 041 039 040 040
031 027 020 020 021 018 017 012 021 021 020 019 019 021 019 016 015 015 015 012 012 008 013 012 012 011 013 015 015 019 032 036 044 051 093 133 097 061 119 084 039 097 132 110 091 113 135 129 137 138 136 114 134 134 164 132 156 145 129 122 144 110 149 162 139 153 134 074 071 061 079 099 124 124 114 121 101 065 052 058 184 175 161 151 097 053 078 101 099 079 082 071 099 107 100 110 102 085 079 057 103 112 093 112 098 110 087 087 087 107 068 068 106 097 081 072 061 070 096 084 067 067 093 061 099 070 069 058 044 042 032 070 086 081 080 063 042 048 047 039 043 048 051 043 035 037 037 036 035 038
028 022 019 018 024 013 035 021 017 019 019 017 017 019 020 018 014 015 014 012 012 009 014 014 016 015 016 019 019 022 035 038 038 053 073 111 120 115 074 067 066 069 069 108 146 131 096 112 097 116 132 165 158 138 119 121 111 100 149 158 136 039 069 159 165 152 146 090 064 050 056 108 116 108 101 111 107 115 080 154 199 154 160 035 135 157 183 169 140 135 079 066 093 114 109 086 102 085 083 087 102 084 087 092 107 108 109 105 099 078 090 089 111 112 094 101 057 076 087 105 088 055 093 064 080 057 072 087 054 030 023 035 075 113 093 070 083 056 045 048 046 043 049 044 041 043 043 042 040 040
022 024 018 020 025 019 019 028 017 014 016 018 018 015 022 016 012 016 013 011 011 011 013 012 016 018 014 012 019 018 029 038 042 052 081 125 102 095 101 085 069 072 070 072 090 148 144 119 135 089 126 112 159 145 128 119 128 047 068 094 089 132 137 171 162 163 170 147 081 080 131 146 153 171 178 178 178 127 119 221 166 155 159 120 174 152 134 119 068 083 134 136 128 085 115 098 137 089 064 109 099 072 080 097 094 117 077 062 098 066 077 104 083 079 095 089 053 074 069 117 097 067 058 082 084 075 064 060 088 048 037 034 050 073 097 090 066 062 067 054 057 059 058 051 058 054 050 048 049 051
020 023 019 019 020 016 017 022 023 016 011 021 016 016 014 017 016 014 012 016 017 011 011 014 013 012 018 018 012 025 036 031 034 070 093 134 109 098 104 073 095 087 080 061 056 071 089 108 115 140 085 146 122 126 066 138 137 128 157 111 023 145 055 094 177 156 171 179 183 111 097 127 173 185 175 185 143 150 236 218 161 170 180 139 089 125 110 137 142 095 039 066 101 161 169 131 085 069 096 091 103 067 082 087 120 091 074 115 080 064 092 098 081 080 111 082 061 070 109 118 116 081 062 061 069 092 030 070 062 077 065 036 057 059 101 088 072 066 060 067 068 077 084 075 084 085 085 084 080 078
018 021 020 019 017 015 018 018 014 016 019 015 015 018 017 014 016 016 014 013 012 009 013 016 013 013 011 016 019 007 031 038 075 067 059 121 110 137 124 072 092 116 114 104 089 078 071 076 075 090 071 085 096 096 138 102 117 155 179 170 147 176 059 102 170 154 168 184 189 216 168 099 087 172 150 148 131 229 216 217 176 146 090 132 077 154 135 106 098 091 065 077 111 078 108 108 152 161 093 140 091 072 100 089 062 087 084 067 067 084 103 072 101 068 092 123 074 056 121 109 125 092 024 070 082 070 050 031 069 047 060 034 023 043 095 109 120 091 074 071 077 080 084 084 100 101 099 094 094 097
017 019 020 020 016 016 019 017 035 018 015 012 020 016 015 022 012 015 015 014 012 012 014 012 015 016 018 019 020 015 048 044 042 069 070 079 112 109 102 083 096 102 103 110 114 094 079 085 074 061 067 076 063 049 117 153 095 118 060 154 111 144 144 160 172 179 167 176 198 209 215 143 112 130 105 081 184 213 211 168 164 190 103 176 155 130 097 075 112 059 089 100 086 086 082 095 082 091 144 144 151 106 059 071 069 083 081 065 067 083 093 070 086 107 112 062 053 063 054 104 100 029 051 061 064 082 038 024 066 057 070 073 038 038 087 072 088 087 087 085 077 077 077 078 095 100 102 101 098 099
020 019 020 022 017 016 019 017 024 020 019 023 020 020 011 016 017 014 011 013 012 011 015 014 013 013 015 015 016 032 035 035 041 043 056 118 116 111 110 093 109 108 109 110 121 118 090 086 112 084 058 061 057 059 138 163 199 122 105 187 045 081 107 057 156 102 176 168 196 208 209 215 100 066 062 170 211 197 203 188 159 108 170 100 101 095 077 059 069 117 122 077 121 132 114 082 116 101 123 080 068 141 126 114 075 062 086 086 075 063 085 053 082 089 089 082 042 070 096 069 128 110 047 028 071 052 033 020 042 096 081 067 040 042 085 068 086 118 092 081 081 057 079 090 093 094 098 099 098 096
021 019 019 021 019 018 022 019 017 015 017 020 017 014 014 020 017 017 017 015 010 009 016 017 019 019 014 017 026 026 022 036 034 041 032 054 108 121 111 115 101 108 149 098 111 105 107 118 095 130 153 053 085 107 119 099 097 081 212 130 138 159 163 132 180 178 207 185 206 203 191 168 150 094 141 164 171 170 163 144 160 212 159 132 110 089 074 096 051 065 068 154 052 118 101 111 116 116 071 092 090 093 056 070 087 148 126 104 086 058 037 078 079 092 061 051 047 048 095 097 103 087 070 027 062 062 036 010 042 055 067 068 087 049 037 068 089 091 107 108 127 067 077 078 082 091 096 096 095 098
021 021 018 019 019 021 024 019 017 019 022 016 023 026 028 013 017 019 021 021 013 011 015 012 018 016 018 019 019 015 039 032 031 041 071 112 098 103 073 098 112 105 067 133 122 116 115 160 188 076 084 157 082 119 052 056 066 104 119 084 138 049 133 153 124 194 159 177 184 182 158 155 106 096 124 160 156 163 143 163 152 130 110 065 069 089 050 086 137 031 074 071 164 061 069 093 147 119 101 098 052 071 058 062 067 087 084 073 105 117 092 116 124 076 076 061 066 125 088 113 082 074 054 029 060 050 034 029 036 065 083 105 073 092 075 048 062 068 052 097 084 071 072 074 082 091 100 104 103 104
022 023 019 016 017 021 022 015 019 017 016 024 018 020 032 037 036 020 011 015 013 009 015 017 016 019 019 015 014 019 034 030 034 042 056 068 083 123 097 073 135 128 092 099 159 188 161 117 085 123 147 125 180 090 040 053 051 085 076 142 172 166 160 169 136 171 160 158 172 158 137 122 124 116 119 116 120 121 142 112 079 070 064 146 056 070 089 047 079 195 062 070 088 148 063 049 077 131 139 112 058 084 067 074 111 068 125 048 067 034 051 075 095 081 045 048 047 077 069 076 083 094 078 056 036 070 054 015 037 082 058 094 100 080 065 021 026 071 067 047 109 119 060 064 116 094 085 098 111 111
027 033 028 026 027 026 019 023 021 024 031 031 026 022 018 017 023 039 064 059 041 020 011 018 015 010 015 016 013 009 019 038 037 042 036 055 071 104 136 178 154 152 160 155 095 077 124 123 114 115 147 177 087 075 121 070 073 051 034 044 035 067 114 133 122 127 128 135 110 125 142 138 152 158 164 139 148 154 099 094 087 092 084 109 117 101 097 096 010 128 184 107 084 053 073 110 094 071 047 124 103 080 092 109 095 118 097 084 071 078 072 111 062 095 091 025 055 085 095 095 099 076 082 043 043 060 076 022 054 062 071 074 072 097 093 063 044 012 021 043 050 088 073 065 084 075 070 078 087 099
037 030 032 038 033 033 031 032 041 030 029 030 028 026 027 030 021 025 023 021 062 077 083 078 070 053 035 020 016 018 023 028 041 055 075 106 186 159 134 127 115 093 087 105 135 147 112 104 149 168 172 122 115 124 120 111 148 063 094 042 128 033 104 076 121 138 160 163 150 158 176 178 171 165 177 145 106 091 097 098 090 071 101 048 170 045 088 139 060 019 127 180 137 047 075 131 152 052 067 052 075 125 097 091 122 079 150 069 054 050 067 113 060 055 055 044 037 095 108 089 094 086 093 087 038 047 065 041 041 091 092 065 079 094 068 045 027 024 030 029 047 068 093 072 085 082 086 084 069 088
039 035 034 039 040 041 035 039 055 039 034 035 032 032 033 035 033 034 033 042 032 024 019 016 020 044 056 072 081 090 085 076 144 159 089 037 033 078 083 101 098 113 132 147 153 130 130 106 148 155 100 105 113 161 109 125 110 107 111 150 068 100 030 058 042 087 144 156 174 186 176 159 169 166 128 086 099 088 082 132 092 096 108 106 027 135 122 034 160 040 022 085 130 151 073 060 068 138 058 061 085 099 166 147 101 061 101 057 051 067 109 117 073 100 061 050 044 103 078 098 105 105 096 078 027 050 097 056 057 073 033 093 060 106 087 043 040 019 017 028 062 094 100 091 084 057 067 080 074 064
037 039 034 031 036 039 029 037 039 028 030 032 028 031 032 031 034 029 023 032 034 018 032 021 023 012 010 005 004 017 098 101 050 014 036 052 076 073 115 116 103 110 131 148 130 131 121 146 158 102 124 116 182 111 125 141 070 162 090 135 061 097 042 075 053 053 094 129 126 139 126 118 128 103 096 086 090 108 090 087 084 082 069 084 049 092 024 168 038 152 080 040 097 111 148 114 065 028 150 067 077 073 140 100 118 131 133 090 068 116 093 090 072 066 057 039 035 115 086 085 097 085 088 063 056 042 071 102 061 103 081 092 094 085 064 031 025 023 029 037 082 079 098 112 083 066 085 115 090 062
041 040 038 033 033 034 029 037 038 029 031 031 027 030 032 033 034 018 030 032 020 028 032 027 019 012 036 074 102 069 026 033 037 038 037 049 064 084 122 113 112 102 125 136 116 114 177 116 125 127 149 154 108 182 106 089 080 106 139 059 069 092 128 104 095 072 068 067 077 082 074 072 069 084 099 096 095 113 091 087 118 085 065 071 064 047 157 093 064 103 169 059 072 114 096 102 161 055 064 133 072 093 128 078 081 097 086 102 129 093 077 076 071 104 057 048 065 091 112 125 085 086 073 092 048 064 046 052 058 095 065 062 088 093 097 085 039 032 039 037 047 087 114 114 061 052 059 070 111 082
040 038 035 034 037 036 030 046 043 033 028 028 027 026 024 028 034 047 028 030 035 025 032 022 064 084 073 032 018 020 037 042 042 042 049 069 092 065 110 116 075 124 112 097 089 166 124 109 112 149 120 113 186 036 097 087 159 077 084 071 090 137 094 119 106 110 121 103 105 097 109 105 114 114 112 114 083 099 060 064 057 052 061 057 102 083 087 106 154 045 153 157 091 085 130 095 033 140 165 077 138 111 108 102 077 089 077 083 110 111 111 103 097 096 060 029 077 092 121 050 106 077 094 038 034 056 066 048 073 100 082 095 091 096 092 064 047 052 055 075 076 091 089 099 082 059 051 051 078 086
036 032 031 032 039 039 030 046 037 033 028 027 030 029 026 030 032 041 015 023 032 053 070 068 031 019 018 032 023 036 050 045 044 047 053 057 093 062 081 111 094 097 138 113 142 080 096 106 131 099 125 180 077 111 097 074 103 147 089 112 115 132 132 122 116 110 084 109 122 112 104 101 104 091 085 100 085 101 075 085 064 033 060 115 110 105 102 146 085 146 112 137 137 085 063 104 091 058 099 123 098 126 132 077 077 092 110 098 092 066 080 062 085 071 120 037 076 086 087 090 074 112 073 057 082 064 065 047 064 070 081 071 070 068 058 061 080 072 092 077 111 122 094 067 088 071 061 045 056 082
036 024 030 032 028 037 033 032 034 037 034 026 029 032 030 034 033 021 034 031 047 021 022 024 032 033 032 023 027 031 038 041 049 042 040 043 082 088 082 132 118 110 110 134 116 113 077 104 071 160 145 097 118 153 070 156 114 111 116 136 107 117 119 091 128 136 116 114 109 100 122 106 091 107 111 109 099 067 069 059 048 077 088 100 096 105 086 077 102 145 091 177 115 103 069 046 079 103 073 067 107 114 119 117 101 083 090 085 085 109 105 095 087 075 062 052 071 119 096 061 056 070 058 067 064 074 054 050 049 093 114 072 087 094 082 065 073 098 084 077 067 104 099 090 064 043 026 054 061 099
034 034 031 035 032 030 029 031 033 032 033 033 032 031 032 033 025 032 027 028 030 026 029 038 030 032 032 029 030 031 041 044 040 045 043 058 101 090 082 095 113 141 094 087 098 079 134 066 112 134 166 104 115 138 117 129 149 101 107 129 112 117 137 112 091 109 092 099 105 084 101 089 092 125 076 097 083 056 061 042 049 096 084 104 117 090 102 089 149 102 154 095 110 158 069 051 044 100 130 050 101 087 104 124 152 155 055 088 081 104 062 080 121 058 061 043 073 087 078 088 077 062 079 066 068 088 064 024 034 063 095 064 082 087 083 079 085 091 086 069 120 086 089 086 073 062 044 062 110 099
045 033 038 023 027 031 036 030 030 031 032 032 031 030 031 032 028 025 024 027 027 028 031 043 039 036 031 027 029 032 041 044 042 045 049 060 090 105 067 140 149 104 123 121 104 118 074 150 120 147 126 104 151 103 146 128 134 127 104 099 109 120 123 106 104 102 093 094 095 111 075 071 087 065 065 030 043 051 051 059 099 089 082 101 084 100 077 114 122 108 072 100 139 045 150 067 091 079 066 135 066 119 063 097 086 116 127 073 084 094 074 065 104 080 063 045 043 086 113 055 067 070 052 090 098 055 097 029 050 069 088 072 094 098 090 085 053 082 086 106 073 069 088 100 082 043 044 057 098 110
034 024 027 025 030 026 026 027 029 030 031 030 029 029 029 028 032 030 033 032 029 022 032 036 037 035 029 025 028 032 044 047 045 051 070 066 077 087 103 072 100 134 139 107 105 084 080 123 147 079 074 102 103 072 113 121 131 105 114 134 099 092 092 120 113 108 104 108 084 091 062 031 048 063 035 032 060 056 046 070 106 109 088 094 091 110 122 129 094 101 110 087 055 146 064 147 095 043 099 095 116 103 050 088 079 102 085 112 101 085 102 082 119 071 051 057 088 077 101 070 079 033 071 080 070 072 069 016 043 091 085 069 103 065 108 094 085 104 097 080 092 089 071 064 062 079 021 058 110 089
029 057 038 021 027 030 029 030 027 027 028 027 027 028 027 025 025 033 033 023 027 020 047 050 028 030 029 027 029 032 045 050 053 054 064 053 076 112 060 092 145 117 129 108 127 122 120 174 074 093 088 115 074 131 080 112 117 100 097 106 119 093 100 126 084 121 104 094 070 103 035 035 027 040 029 071 075 063 076 076 070 101 078 098 070 093 111 075 055 094 106 061 142 110 109 104 122 056 089 117 088 075 087 097 100 109 087 081 075 098 052 074 091 090 054 073 089 095 098 091 094 056 072 088 071 066 024 029 040 063 087 065 070 075 060 086 087 080 082 108 058 094 080 079 070 033 053 093 053 110
030 030 025 026 028 023 026 021 028 027 025 024 024 026 025 024 024 036 040 029 030 023 033 038 026 029 029 029 031 033 045 049 054 053 057 092 085 085 093 078 112 140 108 116 101 127 159 066 103 112 100 121 085 105 122 132 090 156 085 118 123 122 121 127 115 119 080 081 081 086 045 038 038 033 047 093 080 078 090 085 115 091 117 114 137 081 081 140 080 103 132 055 112 077 120 089 100 084 086 104 101 068 064 136 112 074 055 014 059 088 115 102 078 079 032 064 067 067 101 083 046 079 051 106 093 057 035 030 039 046 071 064 091 063 117 113 080 094 110 123 086 069 059 058 055 042 063 086 063 065
029 026 028 024 019 032 027 028 031 028 025 024 025 024 023 022 029 032 033 028 027 029 022 037 030 029 028 028 033 036 047 049 038 052 052 046 052 100 096 078 079 095 088 125 115 171 115 078 087 110 121 073 176 107 121 093 115 081 097 108 104 086 129 085 110 100 057 054 036 048 019 039 052 071 079 071 081 092 116 085 125 105 130 112 130 092 075 113 097 054 077 122 073 148 130 064 037 124 065 078 108 039 103 074 130 095 084 053 031 114 073 080 093 074 049 084 065 070 085 073 091 029 108 063 078 098 027 032 048 040 046 051 061 092 063 081 059 097 101 078 091 072 055 050 031 037 070 061 084 070
027 037 024 021 041 058 024 029 030 026 024 026 028 026 024 022 027 028 030 033 031 031 022 029 030 029 028 027 032 036 048 050 050 043 058 065 075 084 150 073 068 101 115 094 149 172 054 114 101 101 162 092 139 116 070 082 102 112 143 134 067 080 091 040 077 052 023 028 024 046 019 061 078 086 098 112 101 117 129 103 136 109 109 114 056 067 101 093 072 087 084 112 075 103 098 112 058 075 121 086 034 046 054 093 081 075 088 058 093 069 105 063 104 087 064 077 087 073 054 105 059 053 069 108 092 038 033 016 052 048 050 050 066 068 098 069 100 097 095 059 074 070 081 059 035 058 085 076 073 091
036 026 033 028 023 020 021 021 025 020 021 027 030 029 028 029 026 032 028 029 033 023 036 028 029 030 029 027 029 032 046 050 042 051 056 049 068 088 092 116 076 065 058 144 134 085 069 036 093 106 093 123 074 108 092 102 076 065 124 112 074 098 077 054 048 041 042 028 044 056 053 082 102 127 119 114 120 121 108 109 107 117 129 084 093 097 104 074 109 111 092 128 090 068 154 068 069 101 060 109 042 079 080 105 097 057 078 075 073 069 083 082 089 073 051 055 082 102 098 058 089 040 082 085 075 064 013 040 026 034 034 046 052 083 074 074 068 085 086 119 074 087 082 044 059 085 075 093 107 087
032 031 053 018 023 022 020 020 021 021 023 025 025 031 027 024 032 027 026 029 027 027 025 023 026 030 028 030 030 033 048 044 043 049 049 051 047 069 101 152 092 047 128 087 071 044 061 048 068 069 028 085 065 090 062 064 048 066 053 078 041 035 033 041 050 045 069 059 077 079 106 092 118 120 117 116 111 118 113 106 117 090 101 073 130 107 074 088 115 097 096 119 089 075 101 081 104 119 073 067 090 095 075 093 074 064 063 049 049 088 068 073 099 086 055 069 075 070 081 078 083 058 045 109 055 030 044 026 045 030 050 054 066 095 060 070 098 080 078 041 048 065 071 054 081 113 077 061 068 069
028 027 030 027 023 023 021 029 022 019 018 021 023 029 022 018 025 022 022 025 025 024 023 024 025 023 030 034 034 033 040 044 048 045 057 046 039 061 084 111 102 133 103 079 072 083 090 072 056 009 085 031 049 049 057 033 045 033 043 039 060 054 049 056 061 087 080 101 128 100 112 114 121 111 123 107 100 156 075 091 074 088 086 087 113 083 107 135 103 081 127 143 137 046 068 120 121 079 092 115 126 124 090 097 070 100 063 097 083 073 090 093 062 064 064 064 080 046 064 075 066 051 057 074 078 051 042 035 039 041 067 082 090 076 056 087 094 108 052 068 058 058 044 041 060 075 074 113 085 065
028 026 024 022 023 022 024 028 024 021 019 019 017 021 019 022 019 019 019 022 022 020 018 021 017 022 028 024 024 030 040 039 040 045 040 049 056 074 082 086 125 123 105 107 101 117 109 081 067 073 069 074 101 084 053 082 065 066 067 110 077 076 086 062 088 106 091 118 088 127 121 126 112 116 134 123 101 082 087 080 090 092 083 108 060 121 070 115 098 163 083 101 074 072 055 151 154 103 104 098 074 136 108 117 091 073 082 060 061 079 084 106 060 072 095 035 065 064 086 093 069 033 071 095 059 072 069 046 061 071 054 043 040 043 044 048 069 095 100 081 068 064 025 054 082 091 080 067 073 045
025 020 025 012 021 022 023 023 025 021 019 025 028 028 018 016 017 020 021 023 024 019 018 021 020 021 019 023 021 025 038 042 046 032 050 065 056 099 063 126 113 130 087 150 131 121 154 098 095 108 115 104 107 129 098 108 108 098 126 120 114 090 102 104 115 110 110 120 133 132 127 155 090 107 113 109 092 120 102 077 085 098 093 068 103 105 092 120 113 112 119 093 119 064 067 097 154 118 098 112 086 083 089 089 066 053 079 070 094 128 096 072 050 074 049 092 117 075 068 074 035 037 066 085 078 058 049 044 068 072 055 055 065 042 043 057 086 069 064 024 035 051 046 115 105 065 057 042 060 044
027 020 017 018 017 019 014 021 015 018 023 027 023 018 011 017 019 020 020 024 025 022 022 025 022 022 023 028 024 033 038 045 044 048 047 043 067 053 126 082 107 136 130 130 143 118 129 123 100 121 121 157 137 141 127 119 101 102 117 123 146 106 128 111 112 144 129 116 131 117 126 094 142 119 118 057 088 076 091 089 091 112 085 082 132 076 100 117 122 123 101 074 060 107 102 126 065 158 114 087 095 090 075 066 076 098 064 107 091 074 100 118 078 063 058 098 075 055 084 046 048 037 056 060 072 071 070 102 064 065 065 057 041 044 056 067 092 076 068 054 061 038 041 116 056 063 082 033 048 066
030 028 018 025 020 017 016 021 021 018 016 019 020 018 011 017 022 019 017 019 023 022 023 025 021 020 026 022 019 037 036 041 037 045 046 057 054 112 086 068 096 116 107 094 103 115 144 106 107 101 116 128 131 144 140 121 087 125 109 102 107 137 114 099 137 125 123 135 090 059 099 103 084 095 080 093 098 097 072 105 102 100 106 109 102 084 098 084 062 083 068 070 092 108 092 124 083 143 083 096 124 083 067 071 071 058 088 100 081 116 073 134 079 074 043 098 079 092 066 061 047 041 061 091 094 078 096 095 058 071 052 052 049 043 081 081 073 077 090 041 053 081 071 074 060 044 062 054 026 061
028 028 026 023 025 023 025 025 022 025 025 026 024 021 017 026 026 020 018 021 024 023 023 024 024 017 020 020 021 026 035 044 051 046 042 062 103 081 047 066 105 119 119 110 126 118 152 131 119 104 104 110 137 130 121 138 162 111 119 097 099 105 079 141 110 108 109 129 119 124 074 067 080 089 080 102 097 115 076 125 140 115 103 113 068 072 071 096 083 082 052 087 144 101 110 107 110 082 106 101 106 070 095 090 090 073 094 086 075 056 047 079 056 048 041 098 068 116 046 066 049 052 052 099 091 084 078 085 103 068 071 037 049 051 076 080 091 072 088 063 045 060 063 083 064 062 058 070 059 067
032 027 032 022 024 026 020 025 027 026 022 021 023 024 021 030 028 021 021 027 030 029 028 025 022 028 023 021 024 022 048 042 045 027 084 070 072 047 076 100 099 083 109 060 097 096 107 109 123 085 124 114 138 128 119 126 136 111 129 131 099 120 095 100 084 095 092 099 088 108 078 104 095 104 135 142 081 118 098 116 131 094 106 098 096 110 054 085 095 069 102 109 113 082 116 090 068 093 112 081 070 079 076 116 114 107 075 111 076 075 050 107 104 058 079 084 056 104 032 062 082 064 055 068 088 071 066 088 078 064 057 039 055 088 076 059 065 058 072 045 053 076 073 064 059 050 029 084 057 059
033 033 033 026 025 025 022 027 024 022 024 029 028 021 021 026 032 026 024 024 026 020 022 021 022 027 021 020 025 030 039 040 052 102 053 075 052 074 088 097 088 084 098 099 104 085 102 107 116 098 128 079 141 090 124 088 125 097 096 090 071 076 075 110 117 077 059 081 060 080 080 103 112 127 121 115 117 117 103 075 093 069 088 116 055 097 096 119 125 088 107 090 116 093 164 074 068 062 097 073 100 073 102 068 087 054 083 095 072 107 049 060 052 068 050 082 059 071 033 041 049 070 052 070 053 082 081 088 081 057 055 057 055 068 058 042 051 050 060 049 065 044 076 089 056 063 040 051 099 087
032 032 030 025 025 026 023 022 023 024 027 029 027 024 024 026 022 018 018 021 024 019 025 028 025 018 020 020 019 026 037 059 077 042 061 056 055 067 065 115 124 076 089 136 132 113 083 129 143 099 092 082 090 067 063 070 091 101 087 066 086 092 101 093 083 070 116 083 092 109 109 111 090 078 106 063 107 136 068 094 071 103 079 090 116 114 089 089 085 112 094 109 081 089 093 049 064 088 126 088 115 095 107 074 104 058 074 074 098 088 055 050 058 049 088 122 084 016 030 066 067 056 065 101 080 078 079 069 076 063 073 060 086 079 053 054 046 067 061 056 077 079 073 043 060 065 070 061 070 082
032 032 029 028 027 027 024 016 018 022 027 027 026 025 025 024 020 017 019 022 024 020 028 033 032 029 022 020 016 030 090 058 041 061 062 047 065 062 073 113 104 089 109 150 136 126 144 135 127 150 099 117 112 107 114 095 128 112 132 114 117 119 131 118 110 120 134 133 157 116 111 077 082 090 075 100 110 041 110 079 072 090 128 067 114 110 106 137 154 100 132 128 142 101 062 036 054 077 076 107 092 107 084 080 075 053 083 084 091 100 054 069 084 086 070 083 079 037 039 048 071 052 059 076 074 075 083 065 066 068 059 082 084 058 049 082 057 036 045 074 061 075 061 052 064 057 082 090 120 081
032 031 028 031 029 025 024 013 014 019 024 025 024 025 025 024 023 022 023 024 026 022 030 032 027 027 030 020 062 061 032 043 065 046 030 037 042 066 075 084 114 127 107 137 131 119 117 142 146 144 145 115 152 124 123 103 137 107 133 131 111 125 136 109 127 129 104 125 122 144 102 118 120 119 113 124 076 086 090 126 076 113 105 082 110 079 120 115 118 094 145 096 089 071 059 079 061 131 108 075 078 075 097 091 068 078 096 064 064 075 064 023 064 079 081 077 085 037 033 076 077 075 054 056 065 081 086 091 067 055 090 083 085 051 061 073 047 031 056 078 069 066 054 057 048 034 064 095 074 065
032 029 026 030 029 025 025 018 018 021 023 023 023 024 026 027 023 022 024 022 025 024 029 027 026 021 035 069 020 016 044 054 045 035 038 043 049 074 084 095 091 124 093 077 093 104 135 130 138 134 133 146 123 146 113 110 134 093 131 116 078 100 083 144 107 084 118 097 076 098 085 093 118 112 120 100 137 077 109 086 103 092 073 094 108 111 116 110 118 109 111 098 094 094 076 095 084 087 101 085 088 082 088 088 056 094 106 065 119 102 078 024 069 098 062 092 071 032 065 061 068 080 065 083 063 095 077 086 059 097 068 084 072 078 069 070 068 035 074 056 033 057 054 035 034 047 076 108 085 057
031 028 026 029 029 028 029 026 024 024 023 021 020 022 024 027 022 022 023 021 024 023 028 025 035 054 047 015 027 032 050 041 042 036 045 041 051 063 072 097 087 091 085 108 064 103 093 093 094 100 095 112 113 102 102 102 107 081 118 081 079 099 099 094 082 108 103 121 123 097 109 103 118 084 074 084 103 124 088 077 074 089 058 100 096 146 085 100 100 102 089 110 108 125 088 113 101 105 062 083 068 110 081 057 074 114 101 079 065 064 039 053 086 090 085 096 059 017 081 101 058 050 054 071 052 076 087 070 086 094 081 071 046 057 062 055 061 073 050 074 031 019 029 022 040 042 113 109 096 034
026 026 027 026 029 030 026 024 023 023 021 020 019 021 022 022 022 020 021 021 022 020 027 028 039 024 020 032 028 027 046 038 038 041 033 035 042 051 060 069 079 087 095 100 092 112 081 104 073 076 072 072 082 062 095 070 062 087 079 100 109 096 091 085 069 094 103 116 105 100 080 113 099 075 065 108 066 095 083 077 079 090 096 108 099 144 107 075 118 070 101 051 097 124 080 107 111 099 105 078 073 118 081 100 061 147 085 123 069 043 044 049 047 056 107 079 062 056 078 068 047 035 047 066 045 091 069 072 087 090 091 072 053 065 059 063 034 067 093 046 038 022 018 028 059 065 082 061 043 047
018 022 026 022 026 029 019 014 017 019 021 020 020 022 020 017 018 016 018 020 020 016 027 033 019 024 023 021 029 030 033 038 033 030 032 040 030 036 054 060 086 118 120 111 095 103 082 086 089 120 113 094 092 084 071 101 107 115 081 102 112 101 115 113 141 128 107 123 121 097 099 090 117 084 114 085 083 101 143 099 088 126 111 090 138 100 078 097 075 059 069 087 067 103 100 093 133 093 092 111 097 106 089 115 084 062 039 055 048 084 034 074 046 050 087 049 020 058 113 084 037 082 050 045 054 077 081 069 082 091 050 049 064 062 060 072 050 048 071 076 045 043 038 088 084 090 086 045 034 050
018 021 022 017 015 015 012 014 014 016 014 013 017 019 019 021 017 018 014 015 016 018 019 017 020 017 020 020 015 021 030 031 036 035 031 036 035 040 051 073 091 096 106 106 152 152 115 110 124 137 104 068 097 124 135 157 129 104 107 111 130 119 128 110 139 129 110 136 079 084 099 099 079 129 101 121 122 115 097 142 091 099 118 129 130 115 084 062 090 102 098 117 114 114 079 124 085 109 080 105 109 099 109 113 113 057 065 053 053 088 047 061 058 048 029 023 044 076 077 047 036 055 047 032 071 084 054 111 077 064 027 064 057 069 068 096 084 078 094 089 072 030 066 068 070 073 049 031 068 064
012 012 015 014 011 014 016 017 013 011 012 016 015 009 010 017 016 016 013 014 013 011 014 015 021 016 018 019 017 020 031 029 029 035 034 029 030 030 050 063 072 072 097 097 127 131 121 114 109 078 053 116 136 101 108 106 111 116 125 119 123 116 080 124 130 071 105 100 111 121 121 113 116 110 101 111 123 104 100 102 118 126 109 124 131 080 064 080 090 142 079 099 103 087 135 118 114 087 100 077 088 080 063 118 063 051 068 089 092 073 055 053 043 080 033 034 070 092 062 055 064 061 041 034 037 051 064 064 062 086 059 048 060 077 070 077 079 100 087 051 070 060 094 089 066 034 025 024 082 094
017 019 015 015 024 022 011 013 020 016 015 017 017 016 017 017 016 016 015 017 016 013 018 022 021 016 016 015 014 015 036 038 035 029 029 032 039 047 035 030 040 068 123 114 119 118 100 077 066 085 127 111 101 133 092 116 087 058 044 087 030 041 102 096 102 104 084 095 108 109 127 112 118 121 124 122 100 109 117 113 085 104 083 130 087 102 088 136 082 103 065 095 093 075 098 083 117 090 069 073 059 079 106 089 097 078 092 112 075 071 038 053 090 029 022 071 087 081 063 060 047 052 043 031 056 071 048 104 055 042 033 067 055 036 072 096 092 079 075 062 087 074 056 043 046 031 055 081 081 070
022 022 018 021 033 031 018 019 017 014 014 017 021 027 026 019 020 020 018 017 016 013 019 022 025 020 019 018 020 020 046 047 031 031 034 039 047 035 042 038 071 096 103 106 106 114 092 074 123 101 076 085 081 077 119 065 054 026 049 065 066 083 081 068 081 111 084 108 115 099 135 113 105 073 086 092 098 127 111 102 140 108 102 099 052 094 077 083 092 081 096 074 085 073 105 096 119 069 064 042 066 112 086 118 068 085 102 088 048 060 038 075 058 021 045 034 085 105 051 047 046 052 062 054 060 056 082 099 043 063 061 043 061 054 083 072 085 078 061 079 085 084 049 062 060 119 073 112 101 073
027 017 022 025 021 026 030 026 017 014 018 024 025 025 022 016 020 020 020 016 018 017 024 024 022 017 017 022 029 027 046 037 038 034 034 043 037 044 038 053 068 078 102 114 115 098 120 100 082 072 066 099 054 061 032 055 045 046 064 080 057 090 069 089 060 101 096 082 102 122 135 100 121 102 103 119 124 113 098 100 111 098 109 078 091 102 090 105 061 080 114 073 078 133 095 136 086 073 038 037 059 062 112 065 087 090 123 090 081 053 062 068 047 033 037 063 072 032 041 040 049 030 057 064 049 062 064 082 065 071 049 042 075 074 107 101 075 094 074 083 080 052 048 051 085 081 099 067 098 073
032 022 024 023 017 021 024 021 022 021 022 024 026 026 023 018 020 021 022 018 023 023 030 029 024 022 026 030 033 032 045 035 037 045 043 043 041 033 040 047 075 090 064 121 129 131 086 098 069 058 048 059 064 032 062 038 049 073 063 092 079 068 083 108 089 074 073 082 101 098 090 116 132 098 129 098 126 121 091 113 069 102 074 108 101 085 082 149 067 068 090 067 064 096 072 107 116 042 063 057 085 079 097 056 061 070 077 110 065 047 103 087 035 024 053 052 083 081 048 045 035 068 080 063 049 064 080 066 070 046 034 053 069 075 069 096 088 089 067 032 014 054 063 085 065 083 075 117 065 079
026 023 022 020 024 025 020 018 017 020 022 022 025 026 025 024 024 023 024 020 024 018 023 022 022 023 029 028 024 026 038 034 037 045 045 043 042 043 038 052 067 076 090 079 106 133 085 101 056 061 081 070 059 068 064 069 078 086 059 054 063 076 101 071 061 094 083 091 052 068 092 091 079 119 113 083 107 111 078 091 076 064 086 074 074 110 103 055 082 050 052 062 080 122 093 116 088 086 090 068 095 060 085 070 074 101 052 063 066 072 057 048 030 042 063 043 062 053 049 059 054 059 059 057 044 057 068 058 058 034 036 064 085 065 066 077 077 061 036 033 059 061 066 053 097 044 098 049 056 052
020 018 022 023 023 026 024 020 017 022 029 033 029 016 014 024 025 023 025 022 025 015 019 018 021 021 027 025 019 025 035 032 032 043 047 047 055 043 042 052 057 067 063 086 090 088 109 098 094 110 119 103 117 100 119 081 099 075 109 121 143 127 159 152 135 117 127 104 102 080 092 091 119 069 086 082 046 043 032 071 052 066 057 088 090 088 063 092 059 064 064 081 117 092 127 102 080 101 085 088 088 068 036 075 067 097 059 080 057 074 042 043 028 058 034 033 046 035 071 048 048 061 081 050 047 069 087 056 044 052 063 071 072 049 057 054 079 068 088 097 111 076 099 054 085 036 079 085 102 091
021 019 019 020 021 024 025 019 023 029 032 028 023 017 023 025 023 023 023 026 021 012 013 018 014 015 017 023 025 027 035 038 044 038 043 042 043 042 043 042 042 050 066 057 066 105 100 107 086 101 111 079 102 107 101 098 064 055 064 055 074 084 113 101 104 130 110 087 107 071 075 045 066 041 040 042 053 041 026 041 037 047 069 107 103 072 061 059 063 071 095 098 100 083 105 083 079 105 098 086 102 049 049 041 093 070 080 063 073 051 041 027 010 023 041 023 033 056 065 041 045 062 043 052 045 084 042 034 047 057 068 074 078 077 076 053 099 090 081 093 081 065 058 041 033 079 082 084 090 047
024 020 019 020 020 022 022 017 025 025 025 025 026 020 023 024 020 019 019 022 018 011 014 020 021 024 023 025 025 028 035 038 040 036 041 040 040 040 040 038 041 049 043 070 104 110 096 111 106 110 097 154 132 110 078 074 098 056 092 100 106 123 129 130 124 106 070 080 076 080 043 051 032 043 044 062 052 087 065 082 079 097 083 081 093 067 071 092 064 086 088 085 074 078 094 098 067 104 127 069 088 051 055 069 068 055 037 053 050 036 039 046 024 017 044 036 037 058 051 055 091 054 054 065 067 064 054 042 040 086 072 101 080 074 080 089 065 053 050 051 073 081 042 055 058 041 067 047 067 037
030 022 020 023 023 024 023 019 026 022 021 025 028 022 024 025 021 020 018 021 019 014 021 028 025 028 026 027 025 029 038 042 040 038 042 039 039 040 041 039 047 044 062 065 075 117 119 115 131 124 128 108 100 103 123 086 046 099 167 144 122 148 131 109 070 066 087 097 049 062 057 039 072 062 065 088 087 119 087 099 088 116 125 069 051 077 070 116 129 096 044 083 061 043 062 081 140 098 083 077 065 076 064 043 069 063 072 047 042 021 021 031 014 037 035 059 063 070 077 048 070 040 061 065 083 076 057 109 085 095 058 062 048 049 050 065 061 086 068 067 077 068 069 107 062 072 066 046 036 051
033 023 020 024 026 026 025 023 025 022 024 027 029 021 025 028 026 025 023 024 022 018 027 035 027 029 027 028 026 033 043 045 043 043 046 038 038 041 043 043 036 044 034 065 088 089 100 111 107 094 139 109 100 097 112 071 073 099 080 068 088 093 067 113 093 088 087 087 092 096 064 073 103 086 110 105 111 124 107 117 117 088 091 089 074 082 090 060 069 094 075 054 056 069 044 089 098 088 089 078 075 083 091 056 066 060 041 036 054 019 025 014 014 029 040 059 057 071 067 051 053 065 058 065 035 045 070 098 067 060 068 050 048 051 051 057 054 053 066 069 065 073 058 080 091 093 084 045 050 044
