042043042040067029044043035044029032033034055028029034038040038041030045043039026036040048061060073067073064064065059058059070062058065046099054060042092047075134132140139123187166154129123140133180127132135172141141137131162141151136136129151156152143136194122145163151159133145145139148135138154139137105078084083089091096088082080098085080073081064090088078079064073078059090067087077073055056084082066080066056088065080093081079078084117182217200
040039042038055044041032032052031044036037045083031026047032037041037038039041030031044054064061066056070060057057058060056052057075059048150062084107089058090119142137159119191129145134136131117169136130121153222158130143125139153136167138123174129144178135121144131153156129129155154132137131138135130103083073080076085084097075086101080061070081077082075080079095084061080077086067061088061105077064085077070057081089056099092076066084132176200207
041037032033051057030041028038041041037027024106029040037033041035041038041041034034031049060055065061063056063065063065057067060072056051097068062101059048076126132208194165115172166137143140114163190131139120165145145136134131134133162171155108193136127181149116141141132171130121156152139131140149141116101101083068070082070075093091106065068083078071068075100092072081085091083081109055101088053074089069076073065083069091100086069071128173193204
042035031037040054024045026080066088036041015085071023048041043035033045039039029030039054058060065054069053055057065074040053094065051052050089069102143086064187146166178151134116184174192150149141148138133141136144142131139143166137134154143145131152173138142134132135149122148132131149145145130139121097070064072078067065074069070072079091072070081077064083077077077082095072095084066087115058078068084063076072071073082078083099081063125181202207
040043031032043064034042034076086045035041027040087037034034041039046046046038044042040050065057058061061068051058051076076063083063055050042127119091071073078160123131182200122133144140198162141137136140135129140140141127132123193127167129134133129138146138131139134130149149138136140150145145141126139104107086085077074070077070084077079082078082073074071074073073081076059097100080104097072071056099058069083078060059076065072104075076121186217208
039035032035035057054039040018070051024040028032037035035045031034041038044044039040032050066066056088068060057059077054115087070056063064038101135067069074088123171133133198119157132127163141130140144148130121133141141149150141122132188146143141140133141141134152135124126146151140126130134127140136130108089075073072072080069074078069088072075079076074073077068074073092072090075086093063071067081068073076061077068051082081105084078075123178216200
031040037033032034042044034024041035030043046027042041032038050040039048051038038053042055067046075086066084059050093105097081046114074080066063124032115062074124194125123193113165141132135123131144139151142131135151148146144134146121133142138137142140135133131144140142159131128128135146151132136131127104077072073076074074062066068069076082083069076071067076075076076079080092090081089061067070102060080098081055079062063061087072092066137173206205
034044033030047043041040038031040056039050075035040037034047039048051042076047045038042043089082050059052074060056060155071058033089058092062059078059065085077158142135148161179127130139121141131136141140140128137140153139159137128142139140137138133142129139141135140131163125129139134133129146137136129095076063065066066074066065065081078082072070080070076087080066067078077083078091074057088085091063090078086067071074058075077086075085130187211218
035033037034046042043032036035031041032030085030040041032034035069098046044035042040061039065055113057063056057085104086077056048079044102118048071076046094097132140133133120199128141138135143134130133140148138126134139153141141136137128139143138132134140133133142133136131132140135131139136138138138124107096094068067065063061062063062079080066072081071076069071075067065084093077066063084116056066076104063072069073099054067066076087077140182214211
035029030029036036043030045037034035045029076036036041047041044040084043058058038046050054079064066066066066057073065069074070053091065069158077055064054084111135128134120132149141132132136140139138133129141148142136134140143135131129130131141133132140135147143128138139138136140137134135134134141139141089067066078086076065073075069073068082077080082085076074075071064066073087064058076082063067056099070090055078079059078064072073088089138182209207
035025024026033028038035040043033037033030036042030038043047056035054030051063037028056058061057103083076066099061085043073056112051073040110062058062078036106137135133182107135158122139134135138137134129135139143139138135145139134133138130130139137139133125150136137137137132133133134129136139134142123097070065075070068073065065065066074074082072080081075066075079074074069080069064068082070073100061075061070072076070073067073071074081131164188183
034028040035026031040032041038028036044053042044032036034046036034036046048082067051031051045087074071043117065075114094068076122070063057037090068055102087141139133130146136130167178118134140140141139142135132139142144139139150139138141136142140140142138142139132138139135131129135137135125141138136128095068071055064067067061067070071066074075068071075068080064077077073068069085071074057078088058062076075074071072071066069067071068077138150186184
034037031033022040041077029032034039036044049035039035049068045033036044039066076036042057060064071051057055087062062113052135057069056061051115087052071157115141141131128129134126159127130139139143141146135137139137139144136149136133137138135133134131128142146142138142134133132138137142134135144136133076061071080084084081070069070072072076079077069071070075066074079075079076096078063066080068063077065095061070073075077070066068075075141220194196
039033033034043027024075035038034036031057039029029041028060048038029048079042054047030082075051057073042084074113046073057045126061070052067065123050049047157141143135135138134141126135134138134137136139131135136133132141132137135132138136137143132135144132141132135140133135134137134142136131143146132089069063068064063072077066062076064072070061072068067068070069073075077075077071069068071078062073079075072079086069075084061076067091134128145135
036032024036026037033055042036033029036060045036038039039052044031042036046067062055040056109072098054065057077070080080067091043123066080062064075077045067102148138128127133136136139129138140133132136136134133134136131134129128133135134133138138133134134136125141135137139137138138139140135136141133128091074067071062068070071065064057073082075070064071069070072069071078077077076081087087081097099080094092090109119112109111119079066087127125115134
036043028022045049049058053042029039027036053026028050030047042061039043038076048068053044082070060064064064048067043093069061062095083138048061102055062050108139141132127138142133128139131140133130139132138135135133137134135135133135127133139135143135133136136137136135142139139139146139136131147152125077065064068068066063078069064066078076070059067071067067066071068077086087099102111111114117112118096110115129135138144151149128080100135128131117
047047033025049055038045040033042045046050049046027073059035035060048039054042047043069067062051062071072067091065063069065080057075091093067054066069067052092134137128130143150141134131127135142139138142144135137134138137137138141140135138144139138138138136136134138132141136128138126135132139099097079109072069066062069068066068056070072091062069070074068062060063065065073084084086099099107105098089109097094099104104109108110114115102120097090092
040044035024031038032058042042038054040046050041033043106044044037055066062053034059056041068049112062062092074062062060070082061066092060078050058070076055096135140125134144148147128131135138134135138136137137143142127133139139141138136143139136135137138138138136130140132140141129144136116095143148162161161132059061065070061067061066068081079062065071071062064061059063070090070089076094096079088089081085082086085085086112092085078093136119110114
041032033030031029037046049053035041048029033064047031080049036044029064038053027090058052058089078064061077078069063057063074058051062071072051067062060051098135139129132143145146131126138140134132136135136134138141135134133131136138134137136134133135136135134133135140137136141144112081126138142130136142156149055056060069060062069067064069074069065072067066065063056060079076087071120115114119105106085097105101105108105091111093088095131137122088
036032040033028029044038040046040024037047039038038045050054039059042050037044027043059059067082074067056068073069072065057069056063056088065065055062068060101141142133133140145140140126134142137135136138139135136132128130132132136137132133134132131131132134136138139133141135142102111159111119120147136123138122061055062068069060073074064069060075065070065069061066062072064085100102090105103090103104091094101088103104102093108110099108129118123122
033036031035031037036038043034041041034058044029082041043051043055046044046039059043050057063030057083082068073068068080067064066061063077068066060060068059107141145138136136143138142130132143132139137135138139145132132133132131136137132134131131133136135134133134139135147127077116148093103127144150144130141102065057065064069060065070066077064064063064069065067058063060070086089103098092094105092103100098107099104095106099094118101098122116101105
032028042035018037042047035039038034032050045033031055052039042051052050040029064065050052069110149143133112139144107081073072083077067064072063059055072066117130139136138131137141133134132141133137136133134134142139145140135132135136134138134132131131131131131132143125095083131123105116115143156155129123133084062060067066067067062066067076067060066072067059057061063073077085094097104091103103092106111099100102101100093109083117099095102087094095
033046027061080035044052038035033032040044049032039047063058041035039049046043030043054075144118133123126125112111102110099096064072065059070059071061068059115139143133135134135140129133136140141133137136136132133139135139142141141138137146134134135137134125115107093061079136096102107113124148160160143136127070055052061064060063058060067067064066069078064061064061059070071088095088100098096099093107112101097105093097093102103093096086106085065060
036043033052063044042046031037027034035040039041027048064050038060048041037042042047051119125127137133141133122114126098098118109075069067053059068058067074119138135133131140138133134129134140142129140137139141132137141137138139144141137143139127113101090078068062034098140102104100098128141151173161147146113070063052065070065060064064068066065069064073070064054062060071078082094101096098092091100095117096101099086105095102096099094090083091059057
043040043036033036044049038042034028040038051045032037050058044049055049036042038048078126111130145146147141139119120119118088114115087060056056066067065063116134130129129137127135134127135139116113128129122138135128135125132124126121113130110095083076060059048026106144097091094087122134153153164157139142089069060059061061062059065068065067063059059067071058069060061058076077093098097099093092099102103101098105094100100100103096093105094089075058
039049047029043031039040040036031029029035040037023037058076053038036050034043046040103127132144138145145144139151138127103111080096109085054064075072073058109137129123129129115099102095086090076065069060081091089081083080087088102081108101086078065063056045042113129100089108113109105128148160174166139133074065057053063068063060066062061069061057063066068069058062061070073072089093096098096096098103098098102099096095099104102105086118109090068057
036047043033028031036041041039038026032038047043032038040054046041036050051037034047098126145139139146145148142127121137130114109097104115098072071075074077104121111107097079065056054049039049040034041041037032043046052040056069087088093078068065046043044046118128092104122115093096111124148176178165139122060067055057062067068062060063062069063060066067066067062069060068075073080094091097098099097099095095103101090094101098105105095143100097082075
043045042030034043033047043047048038036042068042031039043049051053048046040030033030118119141151139139146138128143127127125107099105093105137090074075073077063063051048043038037038040041039038036034031034031024029039038039054083080082097075049051050053039113112095103109096092115107144138153181182155137098060066058061062063068063058067068067067066067072070058062054060067075078078088088099099103096095096098104096095091099099099108092157084095077072
035032037036036038029044058077047037037040051044039041048044042039042036039028030041113132140146136137146160170138124128087123121128123101107154071066079064042030034031033036040034045040034032026032046039033030043047038052081086078082065079044049042025135098090097101121094112091125165160161170187151130067070053062058063065061062060061066063064062064071068058065074074059067079077094089101100104097092101100103097098093100097099111081167091080078074
039032041051050045053058101118075071065044049040038036045043048047051036033026022038118145150147146135138153141128126145124121105119107114104099125045095073087040025030032029032033034045031037035037049038047049025042048056090078088056089059052049025138104087124110105097110119129124149145164167170144114058068050058058063063060062055055067067061057064066062067061050046064073086083089093101101104098093103100099105095097101094103108093155090069069080
047039039036074059071074090099095080084081051050041042049042041042048035033035026047120137159150142153146144160137134109092126117120108114090093108131032067074086051045032039045040027048038032032036032059055040053052044070074080062080076071051030099135089106104100076093072108120105150191166169149135103067062056054061063060059064053054071069063059065067061067052060056054061083086094098098102102103099105100097101100096100100096108095139118105086090
040036041039061061070082100120099102085100097057038039043040039038044040034037026065131139176154138143143139153127144126133109124124130111100086091136108044067099066044040051054034035032040035039034068077060041055058045078086062092077076053046071149087100109087127124085095092111140159168168165148133100068061058057058064061053066061054064059059057059065060052068052061057068080081093101094106101108109106102088104095101104101103105092161144107112105
039040038059066075082074111124086092091115123122051040043052035040043042039031011065127145184169150146143142148140118124117113132097089120118098101094168066070085074072057055066045026064051044031039050054055059065096070079064073101073049040046105088092096101090102100105107137100126140162189171142124096059061058056063068059063060061062064060060063061061062060061055060063059071085088096104102085096097093093091099098101092093089091079136095109113108
038042049070086081077072107103079100113157222209065049042052041041044037034025022055125139178185163141147142151182129117125136097097109116102109098092110146044055053068081051049065052041042052039060043049052071052048064050072055070063063064102138092091082083128098093088112120140121178179187162143126084061062053059064067069058064065064060059061063060060063061058055057063061068078084083086089082078083089080073077091086089084079085069134090088088081
055062082107106105104111100093115122146210127109062048040044036036040031034021027044121146163173174155146148171166128151100089097105136076117107106089093134114038082067086090076042058050095081064065051057081070060094048075054072059058066059090099072079106107085099122107111124134155182178177148129082072065061055058063065063061060062064061058059061060063064063059057056061059057057065058061061061054054063058064061065067069066059072053141094087094090
071080099098109105119136117107103105082068073079047041042037037045048038033019036030105146163163178161145156173179166115087116081109138115118101093094096090126111065076091072072096062048096141072061083055059110093147076084068057054061065065117114072075073087108102054105133098145173167174172142120068056066061056058060060059061059057061065059056057059064065063058057057066060053051060057058054057054047055057050061061067057060063064052149097079076079
081082096104097107111102106101077077056064070079050045049040036047044034035023025026068139158160163159156155176170150102117104122099125114133114117105087078081150088082072078073068080092100140068063064071059048037107098073095089066053049075083078085075083127094091133126123114148181184173186151104063069068059053060056054064057065062060065061053051056060063063056052054066056046048054058050049052051041053052051050052059053053062056044174129080086095
079084089088098098106098097096069061061078082072040035045042033039039037032025020032055126147158161164150163198192157176122122099128103110123083108094099079072096106080064072072074064129070078134045051049030043060048116075068068084058040055077062067068077085097129113094096121161171163152160151090050073054059059056054054061062067064063062061054051054058062065061057057062054040045046053046043045053041048052059046051056050056062061044149139083083072
069075071088086079083079074075067058061076082063035034041044028031037033023019033033074109140166146159150166134165157154108110144107117108121102103095092070068086064078081066057065071090048042106029095096032060078055071138035084058051060067043046075070108107123102115103126112124148165147128127074050058063066055052054058056067062062062059060055052054057059063056056054057055038041039050051047046055049047052040050061057049059065064058140144073084080
045053039073095080081084067060070077069073076050034035035042027030040028027024022027076109127162182145139171175188199169138092088101099083106120110106091077079065070037067070072046077103040110166088051048041065058063078086062063068068043062058049074066090101078158125121121122134132133163121122081043057062064074052053060063059059062058057058056052055057056057055060059058063043040037051048051051049052049044051049052054066048064066053089106069089088
029042034048075078079081071067071073070067052040033043032039034036039034029021028031075129092150181144150154133131142108127113095123124153129099110092090100074057070057054072056068071082107053137098064022042033058045115134065039076057065077053060051088096081087146159147154133155116118117139122064052050057058064062057058051057061063060059054059051050057052056056057060062061044040048043045051052048046046048044049051055062060064064060081103079088089
029035038033055060066074070067068065057051042035033043031039033033037032031024022033058125155137172144127128131148097080107158123131118125115100088099080062080064047048045050077059027095032037097105015045053053069063050131069052082080052067046060092099138113092131114158193162135175098125128105060052052055053052063060062055054057059058059055060052051057052052054058061061061048043048042043049050047044043045041049055053058055061062056069116086084087
033040040034039050048057064061063058048039032029033041032037032031035031022022025052063109159186174149146130128134130113133111126124142121109135114115123122083080056051061067027034092092025058127134077096077063079125044107063025070130056044050092085089121096130106138133158119160181167099108082062059062059057059053058065062060060060059057053057053050054050050052057061059061051045046043043048049047044044043046048053050059055063067073111151102104090
032041037039036048045042043040045043039037034033033040031036033032035030022027026063072092165149148150141149151142144142121157098091141141109113145107118107104076071073048046048038059026011046139083091099089038083111041101069061030087098117065086123083098072136121137113146146170194111113060065075057055051050051052055064066065063058058060051053052051052048051051056061060059048045045048048050052050048048047052047049053066059067077074161202208163197
037040038033035043044036035033036035031034037037034036028032032033033028031024026050072089139124147158137132129166166119116115133126132148117085107090102110123108091072065061069097087025019065156112073055066047101114080093146073055032079094100087082115109074112099122124147105111129120084065081096064057054046048054052055060062062058060058050052052053055051051052052058060058044042044046046048051049048047047050047051056068060066080111150142147144162
044041044035033043040036027025033036035040043046035032026029031032031024023028027047060079128130141135108130140141115128118143148097136140149134141128134103096099076112067100042080050007042058043163101035115104055071030067111094058053062042115101094088085113111065122088103080083140096074062081097065057057050054059056056059059059053052051049052051053058054048052050056059054041039041043043047048047045046044045048051055066065060069104115111120111102
039040040038036045044043031026032039038037037038037034028027031030030023026024029040071069106122125156145119108101157152122186128179138134106075134093081105086087098079079064098052074063039058117092089109089077054055071069081105101064072089055120078067108079071113059155097071078144140150065085106079058059049053049054057059059065060059049048052055055056054048052048053057052039037038046045048051047045044043043048049054063066055061104110104105099107
038037033032041037052045038025028036040036037040040037031029031027030025019023036033059073093136104107118105117152152190152111111098076085076084122131099093083101102072098082080071112097056145128061127076101102091095057046144153056122076105070056104106088126102121093075113081104094113124091066071077068057044062057065065060053061057056056050051060059053051053051048053054050038036035044044047048043040040040040047048055059060052064079090087090092090
043031035037031028040036030031039041037036033030038036034032025022026027023026023026061064072098092079087086093096152120134126110104134099088118113095099112086065114081076049123107104120088033053077141107049084054046084047120150042049122088130142083089098121089074124110116079107087088124092080070095081061056056052051049049054059057053059050051048056053054054050051054048049036039042042044048043037039042038041049050050055054050046074083080077080081
042036040039034032040043029029036041038035032031034032031031026022025025029023028031057083069044084080083094068174083109055107098130092108102076108076144100080077097077100086086080103058098040022134099101093054057050077093142088018067120130099082104100122100112075094103123103119078115107150095087107078073059049053052051049052055053050059053052054058053053053050047046049052036036040037041042041040040041042041047052051053056051043081090087084087088
042032033033035032033041033028034040038034030030032030030032029025027025018024024025072086077067073078052065159087115097145087147101126090105112107127081095105079104048104115065151084112118077036105155138104094059075099041154103041073105075105146094128091096147095095099099102092083137111111144090114090054059042048049049049050051050051063062054053048047054057048054051049045037042039040046045042043041039043042045057051054057054044093101097094096096
052033033038041037032041036028031038037033030030028027028032028024024022024025034042054086092084084055069102116076066087132099098103132085101108090080103097088109050122079090066089104066093132133061099165128041086082098087142065046149133062093081074069141096133150098114082100111112136109132131129129081078054058046046047049050048050051050064066066059052054048049049044049045034037037039045046043043043042042042044059053055058054044092101099097102103
057036036041038036032036036026028034035034031031031030032035031026026024020024026031090098075083056099094075085107096103089119104096090093125109093088091113074068133111100131095123083087055093154084116122145121101081097098130034152146105065090090137121092140106097163156124118101128112157092133120109098091060055049049051051052049050049050059060061059054060056047050050054047038039040039041045046049056055048045042058054054056054045094102099095097096
055036031033030033028026036027028031032033030028027028029032027022022021026035035059077089086072070058093119072038061094102089114120067107124101091121130094130091140120089104121060070028082115119168054120150144092076092110152028160140091049045060136113106126121117073133108171111106100177136097136108112076076050052051052054053051050048050049050058062057062063050053054047039036038037043040042046052063062048047043056053053056055046091101100098101102
058042029031032034030028033028031031030031029026029028028031027023024022022022040078085067074057094058104114117091080110096064104094122105119094114127126117103128129100116124103094046050058103170118143042165152078091087082139028138144127035050073121148162145098040078081124075147144118125135163134096141117083051049050054053053051049047055051050057058059060065069053052047045038038039042040039041047053051044048046052051052058056045082093092090092091
055042026031033029025034028027033032030033031027029027026029026024024022024033062070062064073103071096109122069079156079097103099097085096119107116140106126113113095105135114149074064037021118156204173051076143122052071106147069157141154066035065101144114088026084088108087124105111120112118119135119121110094062050053055053052051049047050053053054047054051056057054065050041035037040039041040041045044045050048048046048051058057043067079079077078077
053033038029031068039029029028028034032032028027029027026026027023027022027032062059070087104084129142091113114116098097094052073071083106118116131110116083112090083152133129100115073026037123121152192100076149095053071119083103153139131081044042106141124124056157153134113125145123119096103157123073094111082052053052053054053050047046047045046051051049049053052050059059047036038035037040040039042043044047045049051048049055054044051055058057055055
054036031034022056029030028026023025027029027024028028025026023023026024026026065070074084104118105091146081099130123085076093107141100092171104092083077053067079053051103120095140088032036121134158153122046166118075059129099062163142177135045054124123133077135119119148150166140125094127103125166070103107072057051052054053053053048044048048048049050052052052052047053055049041042040041039037039042043043046045048050049049052050044050053054052050049
054032042031027027027035032031026022029031028025026028024025017020024025023036070088085092103092088129077144118093091153105096074113107124114098108103087089090132090033057130125095093040041105123127192158089140125078055091114021149144117137093048106144114091165121153189159169157079132148096147133096070073073055055055053053055054049044047049049047048051051048052046049052051044046045040040037035040043043042048049048047051053050047047048048046045045
060036028037025029023033032032028022030028026024024027026024017019026027033051074076094097129122125116070113100106164121070098114076132101132116138155134108124151081119064078120151129077052103128135150101048047083109070039175041121125135151085048151130150138133147159179189168146112122099136116136114081094077053056052053057054049046047046048048046046049048045047044048048046041045047039038037036040042042042049049046045051053050048050050050049049051
061031026028032023026028029030028023028024023024021025027024021019028029027031067074087106128115088110098109085076152111145103122111087091112143136164133163138081131131076088119114131121052100125153167132086090141108072127078124070164129172059108168135147147123154123123166183191106096146090073093092088071064057054054058060054048047051048048049048047047047047044045049046044040043044044041039038041040043048044048047045049051049048045045044043044046
057032026029029022026029028029028025027024025027022023026023021017024026038027050077097109111089132072110102076122098156112115101138120123122138136166133149128154100117136119093105135140090088149170164108111144100126071101057079123121110120126156184186193171112102080098044052122069076056064063063071102085047047055058059058057053050047050049050051050048048050044045048045045040040040040047043035036043046048039047051049048049049049044044042040040041
062034022028029028027026025027025025024027026024024023023023019017020023018027049090132105092102120109111085085081167092098145104094099122138163145143154159156157183158118195147140163155157155134160159099142153067112110103110092077114119157203185181152085010022117196187128134156085092086088073049071103097071067057057056053054053049044048048048049049048049050044044046045045036035037037046045037037044046044044047050050048048049049041041040038038040
062034026027028024026028025027026027025031027021024023020026021021024028033042053087085099091136077095065113099112061109099067102120111133133162182188145072080077069093139159174181170181174187175134146125133104182120090125119158100129160160202163158160012039031063165215104152196159154124099082049062122062063069061061062059053049051055044044044045046047047047049048052052049036035042039040042046046042042046051045044047047048049047041042042041043045
061033026029024024024026025022027025018026023023023023021021018015018020027023036068076085114111131106131128082091070092090042035054052082103096084098076157171168097027049056088121197171211177176172159138056124104106118103118095147112135181174150216157203022027047156193160105198165150119093110062048077061066069064079062072053039048036058055053055051047049048046047049051044037038039041041044046044041042046040043043043041043046042044042040040042044
057028023025022025025026025020026022022026022019021022021021018015018020023030046046097093095090133097057123049045046041024045044066080097167166113056192219217155080031030060136180093161170156184190135133146120137173106138114078144129203181111190185149022028034033129203124100213184120106098110063051060069066064074077072056066054044049049050052047051051041049047046046049043034036040039042044042041042044044039042043045045046047043045044042041040039
056027027027022024024025024023031024023020017017018019021022019016020022020020015064066106115125117138105042035037034039068058080088139145163210147052200218183162031095164024131158232059174181185192159114164165147128109092099155157114187179096185175153056013019051148207127129214192143056144103081068066082066067056064077071072060048045052049054048047053045044047044043047040032037042037040040039040043046046041041041043043044045042041042042042042043
062026031031023024024026025022025025032033026022018020021022016012016016019028022037076092083092081055046051035081044047049101119129129137174205176046189196198120037045023048113144208135092178197179185150129154108141102145102122113156210134092178173178141022049117172186076165203185109110098098137113112061054064099095112102120101079076056054054053049048050041046044044045041034037041039037037038040041044047049047044045043043046045043044044044043043
072025027030023024023026023022022025026026018016019019021023016013018018026026016039054062088063061043051045096116109105107148105102094135149190225075175196176157085041058061121163195181034151205189165128137128159124141132141123124153187107066184184195186162143194238067115198201132079102124071102077068102104099089051040063069083088053051052050051051047045046043045046045040036039040042040038038038039041043047047045045043041043042047046044043042041
087025023025022025023024018022025029022022020024017017021023016015022022025018032030059074046054057085113141098107126097098122086043103110131206216147044227215155132043049113136170224110021106196199184155141127114142134088155117113168190094016121195184194193205204076107177214160086071099067140138083089078073072068096083092089113074078052045051052049049045048042047047045041037039038039041040037036039041040045048050052050048048044043042041041042044
095027025024022025022023026022021025021019018015017016019023015012020020020019030035035049086079086079108111152115102120109122115067067097145136217214058130226202181131128151186215180021035055195200194126162139138091133133118132126151192101006019092131122134101058083181207138087077110095107117131074079090060071056076057048054094114121063046054055047051049048044047047046039037039038034039040037036039042041038042045048048049051046044043043043044045
090026027023019023022023026020022023021017021017014013020024018020029029032039044055061070086119094102118145109128128167101094095071075106131105168211167035122237203186194204233171048044034048157201186160130145135141100109101137157138210085032050038042048033043118188198132084105083135116088161100080109073114063059068073080064065074058069062054053052049052052045046046046039033036037034037039039037037039041036039039041044049053050045044044044044044
087023025026023026023024023021026019018024020016025028029028031024023017019023018030029046064109103103105119111139126111152145065125071045109093121165214145058061151191191156105040038038038048119197187164147156122110144135114137139140166090041084084112091161183205210141095091097113120086156106080054062072093099087080074066053077075097076075068040055058049054053046051048037035033034034036034034036036037043039041042042039043050047046045044043042041
096031038021023020022023024019025018018020020019019020020021021016016011023012020012027041061119101113122124146099151147110121115085110038071082084121147206171114038026036046070087066067059044102186179150153148145122123132135121152129157055058136215208220212197154113121074074112142067098115089055082075110082080069096078073117073063063066065068058055050059049053053046039044039035038034036036036038037037041039041042041038041046043046046045044043042
085034041026021027021022023015022019023020019015018017016021017015015013002021006022023037051061106126096125142108085171156156156090093093082038061094088162178197188116118088099099109084046049054150148156152132135148160130141132130182111052047116183210195176145137129113135107144080090137088068069071103109111095079085091062081095117102063066067064052042055056051056047046044032033037037037034034036037039042037040042042039041046042042043043043042042
097033020030022023018023021017025020014012019026020018018025018017018016017016018021034038065047058107112112112130102094140131132153069116127093049073045089142171185212216202209226220151068094045080145151172131125124163114136123114121120035050096158176152144100083101067082116091106084072054074091082093095107139112097076078101088075088068057112091073077059045048052049055044040036036038036033032034037040042037040043043040042046042035037038039039040
088037013038022015023017025019018020016021022022017016016024017017018016016012018025024040056048050061115123117131177113107131163149115069095118128080101094087103123162199217226224209167055072041056119115135107126144146135162147122122134089032058125102063081078102105110106067094070054069069064073078116113131063089083072075098090100092073065106087068091061045056059054046043044043046038037036036037038039038040042044044040041044039035037038037038040
098036041019022016018022020021022026018022020018015014014020019016018016017022013016021023048048061097094075092148143146134114132125141130051079154087098103095081135113154175186212204145084083035059119124123114138130149140155150126116111102083077101109101074068055083075049092091057071069098092090099096098066092125086095142100105096060080073093098077074053059054044046046053048048044041040040038037038039038040042043043041042045040039041041039039041
063045023034026021020019026021017020017021019015018018017017020018018017015010012017025023038052052053053062053078092146138094110118119132120066050041068086110110081101117118129148157175150089058070110127127126124153159145153151143137100123106103081106139155115073068126133072065094105108148077091092085082130099093085072096092096088087061063118091080085088069084062048049058056059046040039039038035037040039039040041042040043046041040042041039038040
051078080045031021025023021020021022016013015013021021019017020017020016015014021019015025036043054048068083067062065037078066076096080109184149118169078108090076113072096089110146157143129092072106112117123126134136158155153154152128124099114162090106119136144121050082055099126102075131101087099068074091074078098100091115093097067083076080099102083066082073052070053053057061058050033034038039036037039037039040039040038041044038037039039037037039
020022023022029018023018018017018020017014015019018016015013013010014013013014014016017026038040039046050086100080092100084082057041052095089123084138085060087101105079079095135134156159089094112121087094123130148132178158153147150139121073078177132128144105134172097062074096110131135086085071075087093050111091096085087098107096080058066078069088074064061058071075081079070058074065053051051047045044042038036033035038040039045040047045045044043042
024020024022023022019017019017017018017015015018013013012011012010015014011012011014014023035038044044043071081087093105103117103107106129123082070068080139137099046127137121132127130100122140130112034086113118129144152145137131142124108089082163146158133126162137214087074100123091074106096098089063118101080101095087108096086094086076093058107095085061070080066077075076088072070070076070054060047047043045041037040039036043051037044043042041039038
030026028022019019019016022019017018017016015015013014013011011008013012013014013016015023036039041040042050059076084114123115105113135134114131099043086070094051111173115136144164129123134166156081057069119118120126139145141125117116101056079158165146142154150172143130058112120118102088101083066063108090104094085093080086086081087100070062068081088058076068075072073098072077073067065069081059059052049036039040040040042042048045042041041041040039
025029024018018010022017022019017018018018015013015015014012011008012011013013013015014019034038042033047065080096082072108159137123124088144137116166102104066061131164152134123135137159161157182117081066086108120134150130140129133117089053089130157156189132135149171118109118102109112100103074056085057092067087108080086103082111086098095098074104068068094063065081091090086091071068072075078087078071056049044051047038046047048044040040040040040040
028037025021023015020018019017016017020021018014014015014012012009014013012012014014014019033037041049068081059034065092071113120101107133125141151138140111088184176157162149147138156162162167174154079051075093107125138135128126131122062068097151139062127139140111161127118114076100134123124099085075072095110105096099102068127101066095107102073072063078106099077084103054067096075054052062096088082071051045052042041044046046051045041042042041040040
020025015018020023016017020019018019020022019015014015014012012009014013012011013015015020034038044040080104079067057114133092100103127142116114121135083083141177155162140163109158159159163191156140099072063062093118122115119118117106088041152149171107121122085091130132084090114106109129126090072073083088095090085100086078090079097105107090098064067075089088084074113082072130082064058068086081084092075057052048048050049044047043039040041039040040
031027020020021018017012021021020019019021019016015015015012012008013012012011013015015019032036044051093133097061119084039097132110091113135129137138136114134134164132156145129122144110149162139153134074071061079099124124114121101065052058184175161151097053078101099079082071099107100110102085079057103112093112098110087087087107068068106097081072061070096084067067093061099070069058044042032070086081080063042048047039043048051043035037037036035038
028022019018024013035021017019019017017019020018014015014012012009014014016015016019019022035038038053073111120115074067066069069108146131096112097116132165158138119121111100149158136039069159165152146090064050056108116108101111107115080154199154160035135157183169140135079066093114109086102085083087102084087092107108109105099078090089111112094101057076087105088055093064080057072087054030023035075113093070083056045048046043049044041043043042040040
022024018020025019019028017014016018018015022016012016013011011011013012016018014012019018029038042052081125102095101085069072070072090148144119135089126112159145128119128047068094089132137171162163170147081080131146153171178178178127119221166155159120174152134119068083134136128085115098137089064109099072080097094117077062098066077104083079095089053074069117097067058082084075064060088048037034050073097090066062067054057059058051058054050048049051
020023019019020016017022023016011021016016014017016014012016017011011014013012018018012025036031034070093134109098104073095087080061056071089108115140085146122126066138137128157111023145055094177156171179183111097127173185175185143150236218161170180139089125110137142095039066101161169131085069096091103067082087120091074115080064092098081080111082061070109118116081062061069092030070062077065036057059101088072066060067068077084075084085085084080078
018021020019017015018018014016019015015018017014016016014013012009013016013013011016019007031038075067059121110137124072092116114104089078071076075090071085096096138102117155179170147176059102170154168184189216168099087172150148131229216217176146090132077154135106098091065077111078108108152161093140091072100089062087084067067084103072101068092123074056121109125092024070082070050031069047060034023043095109120091074071077080084084100101099094094097
017019020020016016019017035018015012020016015022012015015014012012014012015016018019020015048044042069070079112109102083096102103110114094079085074061067076063049117153095118060154111144144160172179167176198209215143112130105081184213211168164190103176155130097075112059089100086086082095082091144144151106059071069083081065067083093070086107112062053063054104100029051061064082038024066057070073038038087072088087087085077077077078095100102101098099
020019020022017016019017024020019023020020011016017014011013012011015014013013015015016032035035041043056118116111110093109108109110121118090086112084058061057059138163199122105187045081107057156102176168196208209215100066062170211197203188159108170100101095077059069117122077121132114082116101123080068141126114075062086086075063085053082089089082042070096069128110047028071052033020042096081067040042085068086118092081081057079090093094098099098096
021019019021019018022019017015017020017014014020017017017015010009016017019019014017026026022036034041032054108121111115101108149098111105107118095130153053085107119099097081212130138159163132180178207185206203191168150094141164171170163144160212159132110089074096051065068154052118101111116116071092090093056070087148126104086058037078079092061051047048095097103087070027062062036010042055067068087049037068089091107108127067077078082091096096095098
021021018019019021024019017019022016023026028013017019021021013011015012018016018019019015039032031041071112098103073098112105067133122116115160188076084157082119052056066104119084138049133153124194159177184182158155106096124160156163143163152130110065069089050086137031074071164061069093147119101098052071058062067087084073105117092116124076076061066125088113082074054029060050034029036065083105073092075048062068052097084071072074082091100104103104
022023019016017021022015019017016024018020032037036020011015013009015017016019019015014019034030034042056068083123097073135128092099159188161117085123147125180090040053051085076142172166160169136171160158172158137122124116119116120121142112079070064146056070089047079195062070088148063049077131139112058084067074111068125048067034051075095081045048047077069076083094078056036070054015037082058094100080065021026071067047109119060064116094085098111111
027033028026027026019023021024031031026022018017023039064059041020011018015010015016013009019038037042036055071104136178154152160155095077124123114115147177087075121070073051034044035067114133122127128135110125142138152158164139148154099094087092084109117101097096010128184107084053073110094071047124103080092109095118097084071078072111062095091025055085095095099076082043043060076022054062071074072097093063044012021043050088073065084075070078087099
037030032038033033031032041030029030028026027030021025023021062077083078070053035020016018023028041055075106186159134127115093087105135147112104149168172122115124120111148063094042128033104076121138160163150158176178171165177145106091097098090071101048170045088139060019127180137047075131152052067052075125097091122079150069054050067113060055055044037095108089094086093087038047065041041091092065079094068045027024030029047068093072085082086084069088
039035034039040041035039055039034035032032033035033034033042032024019016020044056072081090085076144159089037033078083101098113132147153130130106148155100105113161109125110107111150068100030058042087144156174186176159169166128086099088082132092096108106027135122034160040022085130151073060068138058061085099166147101061101057051067109117073100061050044103078098105105096078027050097056057073033093060106087043040019017028062094100091084057067080074064
037039034031036039029037039028030032028031032031034029023032034018032021023012010005004017098101050014036052076073115116103110131148130131121146158102124116182111125141070162090135061097042075053053094129126139126118128103096086090108090087084082069084049092024168038152080040097111148114065028150067077073140100118131133090068116093090072066057039035115086085097085088063056042071102061103081092094085064031025023029037082079098112083066085115090062
041040038033033034029037038029031031027030032033034018030032020028032027019012036074102069026033037038037049064084122113112102125136116114177116125127149154108182106089080106139059069092128104095072068067077082074072069084099096095113091087118085065071064047157093064103169059072114096102161055064133072093128078081097086102129093077076071104057048065091112125085086073092048064046052058095065062088093097085039032039037047087114114061052059070111082
040038035034037036030046043033028028027026024028034047028030035025032022064084073032018020037042042042049069092065110116075124112097089166124109112149120113186036097087159077084071090137094119106110121103105097109105114114112114083099060064057052061057102083087106154045153157091085130095033140165077138111108102077089077083110111111103097096060029077092121050106077094038034056066048073100082095091096092064047052055075076091089099082059051051078086
036032031032039039030046037033028027030029026030032041015023032053070068031019018032023036050045044047053057093062081111094097138113142080096106131099125180077111097074103147089112115132132122116110084109122112104101104091085100085101075085064033060115110105102146085146112137137085063104091058099123098126132077077092110098092066080062085071120037076086087090074112073057082064065047064070081071070068058061080072092077111122094067088071061045056082
036024030032028037033032034037034026029032030034033021034031047021022024032033032023027031038041049042040043082088082132118110110134116113077104071160145097118153070156114111116136107117119091128136116114109100122106091107111109099067069059048077088100096105086077102145091177115103069046079103073067107114119117101083090085085109105095087075062052071119096061056070058067064074054050049093114072087094082065073098084077067104099090064043026054061099
034034031035032030029031033032033033032031032033025032027028030026029038030032032029030031041044040045043058101090082095113141094087098079134066112134166104115138117129149101107129112117137112091109092099105084101089092125076097083056061042049096084104117090102089149102154095110158069051044100130050101087104124152155055088081104062080121058061043073087078088077062079066068088064024034063095064082087083079085091086069120086089086073062044062110099
045033038023027031036030030031032032031030031032028025024027027028031043039036031027029032041044042045049060090105067140149104123121104118074150120147126104151103146128134127104099109120123106104102093094095111075071087065065030043051051059099089082101084100077114122108072100139045150067091079066135066119063097086116127073084094074065104080063045043086113055067070052090098055097029050069088072094098090085053082086106073069088100082043044057098110
034024027025030026026027029030031030029029029028032030033032029022032036037035029025028032044047045051070066077087103072100134139107105084080123147079074102103072113121131105114134099092092120113108104108084091062031048063035032060056046070106109088094091110122129094101110087055146064147095043099095116103050088079102085112101085102082119071051057088077101070079033071080070072069016043091085069103065108094085104097080092089071064062079021058110089
029057038021027030029030027027028027027028027025025033033023027020047050028030029027029032045050053054064053076112060092145117129108127122120174074093088115074131080112117100097106119093100126084121104094070103035035027040029071075063076076070101078098070093111075055094106061142110109104122056089117088075087097100109087081075098052074091090054073089095098091094056072088071066024029040063087065070075060086087080082108058094080079070033053093053110
030030025026028023026021028027025024024026025024024036040029030023033038026029029029031033045049054053057092085085093078112140108116101127159066103112100121085105122132090156085118123122121127115119080081081086045038038033047093080078090085115091117114137081081140080103132055112077120089100084086104101068064136112074055014059088115102078079032064067067101083046079051106093057035030039046071064091063117113080094110123086069059058055042063086063065
029026028024019032027028031028025024025024023022029032033028027029022037030029028028033036047049038052052046052100096078079095088125115171115078087110121073176107121093115081097108104086129085110100057054036048019039052071079071081092116085125105130112130092075113097054077122073148130064037124065078108039103074130095084053031114073080093074049084065070085073091029108063078098027032048040046051061092063081059097101078091072055050031037070061084070
027037024021041058024029030026024026028026024022027028030033031031022029030029028027032036048050050043058065075084150073068101115094149172054114101101162092139116070082102112143134067080091040077052023028024046019061078086098112101117129103136109109114056067101093072087084112075103098112058075121086034046054093081075088058093069105063104087064077087073054105059053069108092038033016052048050050066068098069100097095059074070081059035058085076073091
036026033028023020021021025020021027030029028029026032028029033023036028029030029027029032046050042051056049068088092116076065058144134085069036093106093123074108092102076065124112074098077054048041042028044056053082102127119114120121108109107117129084093097104074109111092128090068154068069101060109042079080105097057078075073069083082089073051055082102098058089040082085075064013040026034034046052083074074068085086119074087082044059085075093107087
032031053018023022020020021021023025025031027024032027026029027027025023026030028030030033048044043049049051047069101152092047128087071044061048068069028085065090062064048066053078041035033041050045069059077079106092118120117116111118113106117090101073130107074088115097096119089075101081104119073067090095075093074064063049049088068073099086055069075070081078083058045109055030044026045030050054066095060070098080078041048065071054081113077061068069
028027030027023023021029022019018021023029022018025022022025025024023024025023030034034033040044048045057046039061084111102133103079072083090072056009085031049049057033045033043039060054049056061087080101128100112114121111123107100156075091074088086087113083107135103081127143137046068120121079092115126124090097070100063097083073090093062064064064080046064075066051057074078051042035039041067082090076056087094108052068058058044041060075074113085065
028026024022023022024028024021019019017021019022019019019022022020018021017022028024024030040039040045040049056074082086125123105107101117109081067073069074101084053082065066067110077076086062088106091118088127121126112116134123101082087080090092083108060121070115098163083101074072055151154103104098074136108117091073082060061079084106060072095035065064086093069033071095059072069046061071054043040043044048069095100081068064025054082091080067073045
025020025012021022023023025021019025028028018016017020021023024019018021020021019023021025038042046032050065056099063126113130087150131121154098095108115104107129098108108098126120114090102104115110110120133132127155090107113109092120102077085098093068103105092120113112119093119064067097154118098112086083089089066053079070094128096072050074049092117075068074035037066085078058049044068072055055065042043057086069064024035051046115105065057042060044
027020017018017019014021015018023027023018011017019020020024025022022025022022023028024033038045044048047043067053126082107136130130143118129123100121121157137141127119101102117123146106128111112144129116131117126094142119118057088076091089091112085082132076100117122123101074060107102126065158114087095090075066076098064107091074100118078063058098075055084046048037056060072071070102064065065057041044056067092076068054061038041116056063082033048066
030028018025020017016021021018016019020018011017022019017019023022023025021020026022019037036041037045046057054112086068096116107094103115144106107101116128131144140121087125109102107137114099137125123135090059099103084095080093098097072105102100106109102084098084062083068070092108092124083143083096124083067071071058088100081116073134079074043098079092066061047041061091094078096095058071052052049043081081073077090041053081071074060044062054026061
028028026023025023025025022025025026024021017026026020018021024023023024024017020020021026035044051046042062103081047066105119119110126118152131119104104110137130121138162111119097099105079141110108109129119124074067080089080102097115076125140115103113068072071096083082052087144101110107110082106101106070095090090073094086075056047079056048041098068116046066049052052099091084078085103068071037049051076080091072088063045060063083064062058070059067
032027032022024026020025027026022021023024021030028021021027030029028025022028023021024022048042045027084070072047076100099083109060097096107109123085124114138128119126136111129131099120095100084095092099088108078104095104135142081118098116131094106098096110054085095069102109113082116090068093112081070079076116114107075111076075050107104058079084056104032062082064055068088071066088078064057039055088076059065058072045053076073064059050029084057059
033033033026025025022027024022024029028021021026032026024024026020022021022027021020025030039040052102053075052074088097088084098099104085102107116098128079141090124088125097096090071076075110117077059081060080080103112127121115117117103075093069088116055097096119125088107090116093164074068062097073100073102068087054083095072107049060052068050082059071033041049070052070053082081088081057055057055068058042051050060049065044076089056063040051099087
032032030025025026023022023024027029027024024026022018018021024019025028025018020020019026037059077042061056055067065115124076089136132113083129143099092082090067063070091101087066086092101093083070116083092109109111090078106063107136068094071103079090116114089089085112094109081089093049064088126088115095107074104058074074098088055050058049088122084016030066067056065101080078079069076063073060086079053054046067061056077079073043060065070061070082
032032029028027027024016018022027027026025025024020017019022024020028033032029022020016030090058041061062047065062073113104089109150136126144135127150099117112107114095128112132114117119131118110120134133157116111077082090075100110041110079072090128067114110106137154100132128142101062036054077076107092107084080075053083084091100054069084086070083079037039048071052059076074075083065066068059082084058049082057036045074061075061052064057082090120081
032031028031029025024013014019024025024025025024023022023024026022030032027027030020062061032043065046030037042066075084114127107137131119117142146144145115152124123103137107133131111125136109127129104125122144102118120119113124076086090126076113105082110079120115118094145096089071059079061131108075078075097091068078096064064075064023064079081077085037033076077075054056065081086091067055090083085051061073047031056078069066054057048034064095074065
032029026030029025025018018021023023023024026027023022024022025024029027026021035069020016044054045035038043049074084095091124093077093104135130138134133146123146113110134093131116078100083144107084118097076098085093118112120100137077109086103092073094108111116110118109111098094094076095084087101085088082088088056094106065119102078024069098062092071032065061068080065083063095077086059097068084072078069070068035074056033057054035034047076108085057
031028026029029028029026024024023021020022024027022022023021024023028025035054047015027032050041042036045041051063072097087091085108064103093093094100095112113102102102107081118081079099099094082108103121123097109103118084074084103124088077074089058100096146085100100102089110108125088113101105062083068110081057074114101079065064039053086090085096059017081101058050054071052076087070086094081071046057062055061073050074031019029022040042113109096034
026026027026029030026024023023021020019021022022022020021021022020027028039024020032028027046038038041033035042051060069079087095100092112081104073076072072082062095070062087079100109096091085069094103116105100080113099075065108066095083077079090096108099144107075118070101051097124080107111099105078073118081100061147085123069043044049047056107079062056078068047035047066045091069072087090091072053065059063034067093046038022018028059065082061043047
018022026022026029019014017019021020020022020017018016018020020016027033019024023021029030033038033030032040030036054060086118120111095103082086089120113094092084071101107115081102112101115113141128107123121097099090117084114085083101143099088126111090138100078097075059069087067103100093133093092111097106089115084062039055048084034074046050087049020058113084037082050045054077081069082091050049064062060072050048071076045043038088084090086045034050
018021022017015015012014014016014013017019019021017018014015016018019017020017020020015021030031036035031036035040051073091096106106152152115110124137104068097124135157129104107111130119128110139129110136079084099099079129101121122115097142091099118129130115084062090102098117114114079124085109080105109099109113113057065053053088047061058048029023044076077047036055047032071084054111077064027064057069068096084078094089072030066068070073049031068064
012012015014011014016017013011012016015009010017016016013014013011014015021016018019017020031029029035034029030030050063072072097097127131121114109078053116136101108106111116125119123116080124130071105100111121121113116110101111123104100102118126109124131080064080090142079099103087135118114087100077088080063118063051068089092073055053043080033034070092062055064061041034037051064064062086059048060077070077079100087051070060094089066034025024082094
017019015015024022011013020016015017017016017017016016015017016013018022021016016015014015036038035029029032039047035030040068123114119118100077066085127111101133092116087058044087030041102096102104084095108109127112118121124122100109117113085104083130087102088136082103065095093075098083117090069073059079106089097078092112075071038053090029022071087081063060047052043031056071048104055042033067055036072096092079075062087074056043046031055081081070
022022018021033031018019017014014017021027026019020020018017016013019022025020019018020020046047031031034039047035042038071096103106106114092074123101076085081077119065054026049065066083081068081111084108115099135113105073086092098127111102140108102099052094077083092081096074085073105096119069064042066112086118068085102088048060038075058021045034085105051047046052062054060056082099043063061043061054083072085078061079085084049062060119073112101073
027017022025021026030026017014018024025025022016020020020016018017024024022017017022029027046037038034034043037044038053068078102114115098120100082072066099054061032055045046064080057090069089060101096082102122135100121102103119124113098100111098109078091102090105061080114073078133095136086073038037059062112065087090123090081053062068047033037063072032041040049030057064049062064082065071049042075074107101075094074083080052048051085081099067098073
032022024023017021024021022021022024026026023018020021022018023023030029024022026030033032045035037045043043041033040047075090064121129131086098069058048059064032062038049073063092079068083108089074073082101098090116132098129098126121091113069102074108101085082149067068090067064096072107116042063057085079097056061070077110065047103087035024053052083081048045035068080063049064080066070046034053069075069096088089067032014054063085065083075117065079
026023022020024025020018017020022022025026025024024023024020024018023022022023029028024026038034037045045043042043038052067076090079106133085101056061081070059068064069078086059054063076101071061094083091052068092091079119113083107111078091076064086074074110103055082050052062080122093116088086090068095060085070074101052063066072057048030042063043062053049059054059059057044057068058058034036064085065066077077061036033059061066053097044098049056052
020018022023023026024020017022029033029016014024025023025022025015019018021021027025019025035032032043047047055043042052057067063086090088109098094110119103117100119081099075109121143127159152135117127104102080092091119069086082046043032071052066057088090088063092059064064081117092127102080101085088088068036075067097059080057074042043028058034033046035071048048061081050047069087056044052063071072049057054079068088097111076099054085036079085102091
021019019020021024025019023029032028023017023025023023023026021012013018014015017023025027035038044038043042043042043042042050066057066105100107086101111079102107101098064055064055074084113101104130110087107071075045066041040042053041026041037047069107103072061059063071095098100083105083079105098086102049049041093070080063073051041027010023041023033056065041045062043052045084042034047057068074078077076053099090081093081065058041033079082084090047
024020019020020022022017025025025025026020023024020019019022018011014020021024023025025028035038040036041040040040040038041049043070104110096111106110097154132110078074098056092100106123129130124106070080076080043051032043044062052087065082079097083081093067071092064086088085074078094098067104127069088051055069068055037053050036039046024017044036037058051055091054054065067064054042040086072101080074080089065053050051073081042055058041067047067037
030022020023023024023019026022021025028022024025021020018021019014021028025028026027025029038042040038042039039040041039047044062065075117119115131124128108100103123086046099167144122148131109070066087097049062057039072062065088087119087099088116125069051077070116129096044083061043062081140098083077065076064043069063072047042021021031014037035059063070077048070040061065083076057109085095058062048049050065061086068067077068069107062072066046036051
033023020024026026025023025022024027029021025028026025023024022018027035027029027028026033043045043043046038038041043043036044034065088089100111107094139109100097112071073099080068088093067113093088087087092096064073103086110105111124107117117088091089074082090060069094075054056069044089098088089078075083091056066060041036054019025014014029040059057071067051053065058065035045070098067060068050048051051057054053066069065073058080091093084045050044
